Times of Arrival from Source 1
0.910
0.960
1.190
1.550
1.880
1.910
2.140
2.300
3.860
4.030
5.400
5.790
5.830
6.070
6.450
6.490
6.770
6.880
7.700
8.230
8.310
8.530
8.740
8.810
9.800
11.150
11.720
12.080
12.710
13.880
13.960
14.110
14.140
14.230
14.530
15.190
15.340
15.660
15.700
15.880
15.890
16.270
16.310
16.380
16.670
17.610
19.240
19.290
19.400
19.570
19.900
20.110
20.310
21.210
21.950
23.310
23.330
23.370
23.920
23.950
24.300
24.750
25.090
25.400
25.460
25.550
25.680
26.020
26.080
26.270
26.670
26.860
27.010
27.400
27.540
28.030
28.320
28.460
28.970
28.990
29.090
29.220
29.370
29.380
29.460
29.820
30.170
30.290
30.450
30.800
30.900
31.320
31.530
31.640
33.090
33.130
33.250
33.540
33.740
35.260
35.560
35.670
35.720
35.900
36.530
36.890
36.900
37.640
38.000
38.750
38.790
39.250
41.000
41.540
41.700
41.960
42.040
42.110
42.300
42.320
42.450
42.470
42.710
42.860
43.150
43.420
43.630
44.720
45.300
45.370
45.810
46.060
46.200
46.310
46.380
47.400
48.110
48.120
48.190
48.350
48.810
51.110
51.220
51.350
51.540
51.710
52.060
52.090
52.880
53.000
53.270
53.630
53.690
53.830
55.230
55.260
55.290
56.710
57.380
57.650
57.720
57.850
58.030
59.880
60.450
60.500
60.700
60.900
61.160
61.470
61.670
61.770
61.920
61.940
62.070
62.270
62.420
62.550
62.600
62.890
62.990
63.150
63.160
63.650
64.170
64.240
64.640
64.720
64.970
65.070
65.650
65.660
65.710
66.300
66.900
67.000
67.110
67.850
68.020
68.050
68.400
68.680
68.760
69.250
69.580
70.010
70.220
70.470
70.620
70.970
71.030
71.360
71.520
71.820
71.860
72.050
72.120
72.140
72.580
72.650
73.660
73.780
73.820
74.580
74.920
75.250
75.450
75.750
76.290
77.120
77.160
77.840
77.900
78.050
78.250
78.390
78.830
78.840
79.090
79.410
79.430
79.780
79.840
79.910
80.490
82.420
82.620
82.940
83.530
83.590
83.900
85.350
86.070
86.260
86.320
86.680
86.810
86.920
86.980
87.640
87.670
87.790
88.000
89.030
89.340
89.540
89.550
90.130
90.190
91.010
91.360
91.770
92.880
93.070
93.360
93.560
94.020
94.400
94.500
94.620
94.750
95.110
95.180
95.440
95.550
95.600
96.210
96.300
96.870
97.200
97.510
97.670
98.090
98.180
98.500
98.770
98.850
99.330
99.360
99.490
99.580
99.710
100.530
100.840
101.350
101.560
101.810
101.850
101.980
102.240
102.860
102.970
103.210
103.900
104.620
105.110
105.230
105.730
105.830
106.770
106.940
107.850
108.070
108.560
108.600
108.760
108.900
108.920
109.350
109.450
109.470
109.920
110.080
110.170
110.190
111.110
111.280
111.600
111.640
111.660
111.670
111.910
111.930
112.060
112.370
112.430
112.790
112.900
115.420
115.570
116.130
116.770
116.900
117.010
117.100
117.400
117.780
117.790
118.160
118.500
120.280
120.310
120.470
120.660
120.730
120.890
121.230
121.400
121.490
121.730
122.110
122.260
122.630
122.760
122.870
123.000
123.050
123.240
123.570
123.600
123.670
124.160
124.430
124.530
124.590
124.610
124.650
125.090
125.470
125.490
125.570
126.930
126.940
127.110
127.260
127.530
127.950
128.710
128.800
128.910
129.480
129.550
130.150
130.280
130.400
130.950
131.020
131.190
131.740
132.710
132.730
133.130
133.550
133.620
134.020
134.640
134.870
134.960
136.390
137.220
137.620
137.930
138.070
138.400
138.700
139.050
139.290
139.570
139.770
140.370
140.410
141.580
141.920
142.030
142.170
142.350
142.550
142.650
142.930
143.950
144.470
145.280
145.450
145.580
145.970
146.130
146.520
146.600
147.110
147.990
148.300
148.550
150.020
150.050
150.690
151.280
151.440
151.500
151.780
152.060
152.280
152.410
153.160
153.230
153.270
153.380
153.560
153.870
154.930
155.900
156.840
156.940
157.140
157.370
157.790
157.960
158.290
158.610
158.750
158.800
159.030
159.440
160.680
160.740
161.060
161.300
161.590
161.870
162.190
162.720
162.890
164.350
165.150
165.610
165.730
166.150
166.510
167.010
167.760
168.850
168.880
168.960
169.130
169.300
169.400
169.440
169.680
170.610
172.410
172.880
173.130
173.170
173.290
173.750
173.790
174.160
174.900
175.260
176.360
176.410
176.460
176.860
177.000
179.010
179.640
180.000
180.530
181.170
181.570
181.740
182.380
182.450
182.460
182.720
184.540
184.610
184.730
184.970
185.040
185.290
185.640
185.750
185.930
186.080
186.230
186.360
186.520
187.220
188.220
188.840
189.030
189.420
190.090
190.100
190.600
190.970
191.520
192.110
192.560
192.670
192.780
192.890
193.130
193.470
193.640
194.100
194.390
194.680
195.000
195.590
196.290
196.340
196.690
196.740
196.780
196.960
196.980
197.380
197.720
197.890
197.980
198.170
198.510
198.880
199.340
199.600
199.730
200.480
200.620
200.740
200.820
201.050
201.450
201.500
202.180
202.710
203.410
203.940
204.220
204.580
204.990
205.060
205.180
205.390
205.640
206.260
206.990
207.640
208.230
208.290
208.550
208.950
209.020
209.130
209.550
209.720
209.750
209.810
210.300
210.440
210.700
211.070
211.350
211.720
211.920
212.790
213.100
213.270
213.430
214.320
214.980
215.130
215.470
216.980
217.240
217.280
217.290
217.700
217.760
218.050
219.380
219.400
219.580
219.950
220.070
220.150
220.780
221.860
222.230
222.300
222.450
222.600
223.860
224.500
224.590
225.080
225.600
226.060
226.390
226.510
227.010
227.060
227.290
228.090
228.840
229.310
230.120
230.820
230.940
231.790
232.800
232.870
233.130
233.240
233.690
233.940
234.940
235.030
235.230
235.340
235.630
236.680
236.690
236.850
237.000
237.340
237.680
237.870
239.730
240.410
240.540
241.890
242.190
242.220
242.260
242.270
242.770
242.780
242.960
243.300
243.810
244.490
244.650
244.950
245.090
245.400
245.480
245.730
246.220
246.730
247.180
247.310
247.500
248.020
248.510
249.320
249.420
249.610
249.750
249.820
250.500
251.010
251.380
251.920
252.550
252.860
252.970
254.420
254.630
254.720
255.300
255.820
256.150
256.400
256.470
256.580
256.970
257.330
257.680
257.920
258.150
258.280
258.410
258.960
259.250
259.500
259.710
259.740
260.460
260.710
264.050
264.330
264.580
264.740
264.950
265.210
265.310
265.350
265.380
265.470
265.820
266.050
266.060
266.450
266.490
266.680
266.720
267.230
267.300
268.020
268.150
268.310
268.330
268.400
268.480
268.500
268.660
268.710
268.850
268.960
269.350
270.300
271.320
271.340
271.390
271.600
271.610
271.710
271.910
271.990
272.210
272.770
272.790
273.020
273.250
273.620
273.650
273.910
274.000
274.400
274.410
275.810
276.020
276.300
276.760
277.150
277.440
277.910
278.240
278.270
278.330
278.450
278.750
279.290
279.490
279.620
279.910
280.520
280.590
281.010
281.150
281.410
281.430
281.820
281.830
282.010
282.550
282.900
282.940
282.990
283.200
283.370
283.460
283.780
284.060
284.190
284.430
284.520
284.680
284.950
285.670
285.980
286.110
286.200
286.460
286.750
286.920
287.070
287.180
287.490
287.520
287.680
288.240
288.360
289.750
290.790
290.850
291.070
291.170
291.600
291.690
292.390
292.830
293.480
293.760
294.230
294.650
294.750
295.190
295.210
295.870
295.920
296.030
296.530
296.790
296.860
297.060
297.170
298.690
299.910
299.950
300.610
301.960
302.730
302.770
302.790
303.020
304.060
304.280
304.420
304.590
305.540
305.560
305.610
307.420
307.680
308.060
308.080
308.200
308.250
308.450
309.160
309.350
309.490
309.610
310.340
310.400
311.070
311.620
311.870
312.610
313.010
313.410
313.520
313.650
313.710
313.940
314.040
314.170
314.300
315.200
315.270
316.170
316.460
316.800
316.820
317.100
317.510
318.540
318.890
319.140
320.530
321.310
321.610
321.710
321.770
322.720
323.270
323.670
324.690
324.790
324.850
324.870
324.880
324.940
324.990
325.960
326.360
326.410
326.460
326.830
326.900
326.920
326.940
327.320
327.440
328.280
328.630
328.950
329.860
330.020
330.130
330.680
331.410
331.540
331.750
331.900
332.390
332.780
333.120
333.130
333.290
333.390
333.580
334.610
334.650
334.660
334.850
334.920
335.350
335.540
335.550
335.740
337.110
337.270
337.450
337.910
337.970
338.180
338.350
338.780
338.860
339.030
339.220
339.310
339.570
339.610
339.780
339.880
340.390
340.530
340.560
340.590
342.100
342.290
343.290
343.660
344.200
344.350
344.480
344.590
344.880
346.920
346.970
347.230
347.440
347.680
347.860
349.380
349.690
350.280
350.390
350.800
351.460
351.520
351.600
352.130
352.190
352.640
352.800
352.820
353.210
353.400
353.740
353.870
354.470
354.590
355.520
355.700
355.740
356.410
356.560
356.600
356.630
357.280
357.460
357.750
357.900
358.250
358.450
358.900
359.350
359.650
360.450
360.530
360.660
360.670
360.800
362.590
363.020
363.330
363.380
363.540
364.010
364.280
364.370
364.510
364.590
364.660
366.080
366.470
366.990
368.060
368.750
370.150
370.320
370.540
370.570
370.610
370.840
370.860
371.320
371.450
371.570
371.630
372.040
372.130
372.200
372.470
372.610
372.850
373.070
374.230
374.290
374.360
374.820
375.080
375.330
375.750
376.240
376.550
376.720
376.900
377.540
378.270
378.300
378.880
379.230
380.020
380.330
380.450
380.940
381.310
381.390
381.750
381.900
383.060
383.950
384.190
384.970
385.270
385.550
385.830
385.890
386.070
387.080
388.150
388.160
388.220
388.770
388.880
389.480
389.500
390.230
390.410
390.790
391.030
391.310
391.710
391.760
392.630
392.760
392.970
393.160
393.310
393.750
394.780
394.960
396.010
396.170
396.310
399.460
400.230
400.600
400.830
401.010
401.290
401.330
401.430
402.350
402.420
402.480
405.240
405.710
405.850
405.980
406.180
406.480
406.670
406.780
407.880
408.680
408.850
409.850
410.840
410.900
412.210
413.290
413.320
413.360
413.570
413.800
413.850
414.220
414.310
414.340
414.520
414.780
415.090
415.250
415.450
415.750
415.900
416.060
416.340
416.550
416.820
417.280
417.290
417.440
417.490
417.520
417.620
417.690
418.140
418.520
418.960
419.050
419.220
419.300
419.350
419.580
419.630
420.370
420.960
420.970
421.190
421.620
421.810
421.820
422.250
422.350
422.490
422.740
423.190
423.240
423.540
423.590
423.730
423.770
423.900
423.950
424.100
424.420
425.310
425.760
426.080
426.920
428.010
430.110
430.390
430.790
431.010
431.180
431.350
431.410
431.630
431.990
432.240
432.720
433.190
434.060
434.280
434.490
434.580
435.200
435.290
435.720
435.760
436.180
436.700
436.790
437.320
437.550
438.340
438.820
439.630
439.740
439.800
439.820
439.910
440.100
440.230
440.870
440.960
442.040
442.490
444.250
444.930
444.970
445.480
445.490
445.510
446.160
446.180
446.560
447.460
447.780
448.110
449.070
449.220
450.190
451.280
451.330
451.410
451.720
452.160
452.360
452.680
452.690
452.870
453.070
453.590
453.780
454.570
454.590
454.710
455.400
456.230
457.430
458.010
458.230
458.950
459.180
459.700
460.150
460.190
460.380
460.400
460.530
461.370
461.430
461.450
461.920
462.090
462.750
462.760
462.800
463.030
463.230
463.510
463.550
463.570
464.800
464.840
465.000
465.160
465.680
465.810
465.890
465.950
466.100
466.560
466.870
466.940
467.230
467.290
467.320
468.190
468.630
468.650
468.720
468.780
469.180
469.190
469.230
469.380
469.540
469.720
469.750
471.310
471.580
471.820
472.950
472.980
473.060
473.710
473.770
473.850
474.320
474.350
474.550
475.110
475.260
475.310
475.400
475.640
475.960
476.650
476.740
477.070
477.120
477.210
477.320
477.350
477.570
477.670
477.750
478.200
478.330
478.400
478.510
478.640
478.810
479.490
479.740
480.600
480.870
481.080
481.360
481.840
481.960
482.010
482.120
482.210
482.230
483.150
483.560
484.050
484.140
484.170
484.400
484.730
484.990
485.110
485.870
485.880
486.310
486.420
486.490
486.870
487.160
487.450
488.050
488.840
488.930
489.890
491.020
491.410
491.760
492.040
492.270
492.500
493.090
494.140
494.810
495.470
496.600
496.620
496.960
497.060
497.970
498.100
498.500
498.670
498.820
499.170
499.290
499.630
