Samples of Emission Data
4.795631
4.719570
0.377644
3.410357
6.195469
7.469079
2.105999
3.547914
-0.612762
2.437753
8.530690
8.025777
5.078835
-1.447539
1.832505
3.479945
4.234077
8.852734
7.967518
-2.295804
2.942666
0.702925
6.839556
-1.933303
-4.355913
-4.181135
-2.268293
5.561091
4.983355
2.947521
6.871922
7.902786
-1.150040
0.015143
7.015952
1.452202
-0.277230
2.259739
4.632181
6.833083
6.099988
3.505837
7.621200
3.209687
-1.555968
-2.456017
-3.142180
2.623413
-0.708242
0.401919
2.665502
-0.438445
-2.062476
8.763727
4.132123
3.387701
3.717836
5.408970
3.311640
7.350942
0.379263
-4.376951
-4.739452
8.096983
0.549185
2.361161
-0.863600
-1.096636
-4.249104
-4.386661
4.065773
2.643278
3.903942
-0.072299
8.745925
0.176974
4.544793
2.151312
3.081840
0.147844
8.381806
-4.813894
2.177205
-4.236158
-0.117154
3.352098
1.494278
-0.942897
6.672870
-0.702411
3.484227
2.397295
-3.328286
-0.496243
8.465958
2.002427
6.368628
-3.524101
3.475090
6.925327
2.952375
0.376026
-0.379725
-1.259868
-3.417293
4.209223
2.824529
1.010923
7.936770
6.433360
7.169691
7.012715
0.073402
-0.432593
-1.743960
-0.158016
0.421339
2.368166
0.126806
-2.655069
-1.298925
-0.942151
-0.282626
4.345740
5.417062
4.431511
6.464108
6.943128
8.728124
1.377760
1.424247
-0.041498
8.271760
3.884522
4.149925
7.692406
-1.172512
-0.125650
1.018495
-1.779563
6.742458
-1.884753
8.122876
-3.601780
0.604208
0.460600
1.016877
4.200092
8.130968
-1.064270
-1.135476
4.831233
4.695295
1.648018
-3.499827
3.206450
-2.412322
-3.621200
2.196625
0.753092
-0.942493
7.728008
5.497977
1.652873
-0.557170
-1.931684
4.685585
0.890648
0.364698
-2.439834
8.650445
7.551613
0.120333
-3.043463
1.670674
-2.420414
-1.844295
-2.988441
4.957462
7.635765
-3.252225
1.688475
4.643509
0.655994
-2.650214
7.629291
4.963935
-2.658305
2.222518
0.241706
5.758525
3.254999
3.633684
5.404115
5.527107
4.214657
4.057681
-0.408854
-0.680731
0.675601
7.562941
4.130505
-4.953069
8.113166
-1.230731
0.877702
-1.625824
1.927976
-3.221477
-4.864062
2.602820
-3.482025
-4.321928
5.606404
-4.161715
4.955843
5.303780
6.810427
6.266674
4.476823
3.020344
6.112935
0.606767
-4.608369
-0.093284
-1.688938
-2.951220
-2.106462
7.075829
4.497862
-0.088429
2.424806
0.281689
8.592186
1.355103
6.996532
4.818287
7.617963
-0.713236
7.108196
4.467114
1.800139
4.750318
-1.629060
0.366455
4.371633
-1.491504
5.841059
2.538088
-3.360652
0.422957
2.918391
8.378569
1.930636
-4.050052
2.708176
8.996763
7.431858
3.201595
8.308982
6.509421
-4.313837
3.075367
5.761762
-4.229684
-0.437984
-1.784418
-0.696914
-3.485262
-4.847879
-1.947867
7.193966
7.863946
-3.273263
-4.522599
3.258236
7.096867
-2.999769
5.318575
-3.998266
-0.921859
3.404570
1.677147
1.724540
1.219165
5.326436
2.234265
1.479713
6.501329
-4.354294
-4.352676
0.588025
8.032251
5.687319
7.630910
7.036990
-0.461569
4.331176
2.005664
1.117212
-2.441452
7.106577
3.169229
2.988636
-1.546526
7.371980
4.646746
-1.475321
4.594960
-2.310369
0.301104
3.235580
5.313490
4.895966
1.055716
1.380996
-4.334875
-0.285863
-1.847532
0.971564
0.016761
2.348746
-1.442955
-4.090510
8.995145
-3.818634
-4.341348
-2.321697
-3.786267
7.396255
-2.358918
-3.624436
-0.573922
-4.566293
5.928448
-1.120911
-1.595076
-4.410935
-0.536788
0.856664
5.863715
-1.527107
-3.872038
-3.635765
-3.881748
5.441336
4.298809
7.558086
6.098370
3.059184
-3.901167
3.601318
3.350480
8.364004
-1.302162
6.595191
2.376257
0.445866
7.715062
7.786267
6.247255
1.075136
-1.031904
-3.893076
-1.044850
2.631950
-4.085655
7.017570
-2.884869
8.281470
7.328286
-0.230840
1.500751
7.964282
0.100913
1.194891
7.888221
-0.711478
1.458675
1.706277
-0.315843
-4.828459
7.598544
-4.747544
0.228760
6.206797
4.879783
6.556352
-0.164747
1.580116
1.745116
-4.493469
6.400994
-3.412438
-1.316726
-4.770200
-0.433129
-0.718875
-0.313983
7.137325
-4.153624
-2.983586
5.337764
-1.188880
-3.119524
0.038938
3.118445
-0.207837
1.597372
-0.167726
-3.316958
-2.447925
0.289579
4.748700
8.480522
6.682580
3.096405
0.884175
2.559126
-3.396255
-0.947752
8.451393
-1.682464
1.884786
6.354063
6.957693
-2.180904
4.505953
-3.528956
-0.366445
2.185296
7.166455
-4.114784
-4.265287
-1.318345
5.773090
-3.355797
8.317073
5.051324
2.662698
3.055367
-2.255346
6.035256
-4.234539
6.472200
5.305398
8.142296
6.970639
7.187493
4.252689
7.731245
-0.184310
5.106346
0.842099
5.096636
1.866489
-4.307363
5.664663
0.698070
7.248989
1.714368
5.917119
2.667553
-1.255558
4.196856
-0.800485
4.188764
-0.810195
7.355797
-4.237776
1.405271
0.175410
8.572766
7.999884
-0.036643
2.659461
1.356722
8.697376
-4.192463
3.413594
-4.533927
-4.554965
1.743498
-3.988556
0.889605
0.834008
0.529304
5.300543
0.118715
-4.242631
2.178823
3.999422
3.976766
8.655300
6.177667
-2.947983
-4.538782
8.296035
5.578893
6.384811
-0.251878
1.193500
-1.536817
3.860247
-3.791122
3.392556
3.191885
-0.148307
-1.936539
7.150272
-2.532077
-4.749162
5.764998
0.290255
5.522252
-4.561438
-2.841174
-0.065773
0.523292
1.931222
1.266096
-2.716565
2.693446
0.492544
-0.588487
6.740839
7.760375
7.231187
6.744076
-0.992337
-2.805572
8.723269
7.585597
-0.750318
6.302277
3.939545
-1.051324
0.194775
-0.463877
5.349093
0.622009
-0.096521
0.141116
4.653219
-0.803722
-0.128887
8.773437
2.773037
7.833198
8.030632
1.932840
6.150156
-0.754659
5.211536
3.848919
0.154631
6.794243
4.782684
4.518900
-0.457404
2.039649
8.529072
1.835742
8.862444
-2.651832
-2.174431
-1.531962
1.083227
4.326321
1.709805
6.904289
0.408392
4.014850
-1.073996
-2.400994
2.832621
2.837475
0.075020
2.654606
5.379190
1.622125
-2.998151
6.938273
-0.963935
0.070165
4.368397
-2.854121
-0.813432
3.638539
5.373367
-2.829846
3.784187
-2.802335
0.044582
0.565368
5.261704
-3.082303
3.079114
1.817940
-3.674604
-2.110732
7.206912
1.749971
0.068547
5.132239
6.033878
0.766039
0.448850
2.449081
-1.504450
6.007745
4.837707
-1.753670
1.722021
-0.936424
-4.030632
7.234424
5.807074
3.386083
6.171194
1.042770
0.338805
0.021616
0.210958
7.380072
3.360190
1.481332
0.106973
1.806612
-2.761877
2.031557
-0.049590
3.041154
-3.336377
4.559357
0.371383
-3.190729
-0.314992
6.663160
5.054560
5.996417
6.239163
-0.567840
-3.595307
-0.033407
4.201711
7.603398
-3.697260
1.840596
6.588718
7.079066
-0.713384
0.079875
5.955959
1.512080
2.889261
3.117443
-4.211883
3.007398
-2.127500
5.782800
-1.789273
7.608253
2.139984
-0.875155
5.506069
-2.150156
8.135822
-0.593342
6.784534
0.945671
4.797249
-2.596810
0.344345
-1.674373
1.228875
-3.033753
0.065972
3.374754
7.582360
-0.101376
7.857473
0.452951
1.265780
1.018931
7.460987
-4.069472
-0.935470
-2.876777
0.808115
3.769622
7.103341
-3.961045
5.488384
0.720726
-1.056178
2.730654
8.388279
-1.985088
1.298463
8.012831
0.351250
7.054791
-3.095249
-1.028667
5.560146
-1.455901
4.679112
1.152815
2.140744
8.320310
-0.722807
-3.164836
6.931800
4.446076
6.004508
-2.280533
-4.940123
2.428043
0.260276
8.642353
-4.702231
2.957230
-0.296745
-4.268524
-1.352329
-4.273379
0.264363
2.657843
-0.870073
-1.009247
-0.923477
3.685470
3.737957
6.341117
7.842908
2.022535
-0.064887
3.369899
7.852618
-1.714831
2.088198
3.847301
2.580164
2.172350
-1.952393
0.762802
0.036181
-0.491388
3.745347
2.072188
4.222027
3.915270
-2.839556
-4.381806
2.622240
2.588256
-4.304127
2.432898
1.927985
4.096521
4.965553
1.329210
1.801757
1.303318
-1.465611
7.422148
-1.336146
0.764420
-2.279621
-0.880314
4.304923
2.937811
5.434863
1.133395
-1.889608
-0.276153
0.772512
-3.679459
-3.705352
-1.350883
7.752283
3.785107
4.682349
6.231072
6.465727
0.300945
-3.553231
-0.057681
1.350249
-1.473702
8.488614
1.107502
-2.130736
-4.611606
-3.559704
-0.200092
3.476708
-2.049821
8.155242
4.399145
-4.496706
4.625708
5.318345
-2.481910
-1.816784
-0.531846
-4.728124
7.609872
8.139059
0.044272
6.834701
-2.978731
7.758756
4.649983
-3.454514
-3.257138
0.991958
-0.287481
5.363657
-1.160118
-2.941510
0.647715
2.907063
-1.938157
-3.129234
-1.758525
-1.645382
2.369784
-1.048087
-1.362039
-2.837938
-2.423650
-0.295573
-3.954572
-1.887990
-0.908912
1.528263
0.783901
5.402497
2.984742
2.044504
1.259623
3.165992
0.024853
6.706855
0.935961
5.476939
-3.124379
1.923130
1.016848
2.246792
-3.224714
8.713559
7.325049
8.470813
-0.321466
2.861750
2.958849
-1.408970
4.756097
4.370015
-2.960929
-0.757873
8.425500
-3.409201
8.156860
6.069241
3.288984
-2.823373
0.186684
7.642238
2.518173
-3.147035
6.690672
1.146985
-4.964397
1.318729
1.491041
7.028898
-1.478557
7.423766
-0.374870
-1.849150
2.204716
1.414981
-1.033522
5.151659
3.763149
5.805456
5.462374
8.694139
0.670558
0.719108
-0.878164
-0.891111
4.813432
1.238585
-1.425153
4.507571
-3.074211
6.820136
-4.932031
-3.370362
8.809039
0.374408
6.909143
-4.409317
5.899318
6.198705
-0.967376
-0.052826
6.292567
3.005780
6.044966
5.285978
1.783805
0.084730
0.727199
4.289100
3.327823
-0.127269
-2.017398
-1.949486
-2.883250
-1.342619
-0.567449
7.315339
3.882904
0.825067
0.586406
6.083805
-2.389666
6.677725
-2.486765
-0.522136
-0.258283
-0.081429
0.354988
-0.694452
-4.697376
3.230725
0.117096
-3.058028
-3.137325
-1.506069
6.496474
6.268293
-3.732863
-2.669634
-2.452780
-0.392958
2.502485
-2.341117
-3.964282
-3.111432
2.500867
7.098486
-0.154780
7.922206
2.826147
3.942781
1.939313
5.999653
-3.530575
2.838584
-0.429892
-0.960698
4.603052
-2.831465
7.891458
-3.593689
-3.473934
1.073518
-2.156629
-1.295550
-4.317073
8.003121
-4.300890
8.098601
4.938042
4.062536
6.802335
5.472084
6.119408
-3.072593
-0.077101
-1.787655
1.568743
5.376604
0.774379
0.424575
-4.266906
1.321119
0.116037
-1.763481
1.486187
-0.450931
0.209903
2.136747
-0.905676
-3.297538
-2.041729
-3.723153
1.433825
7.095249
6.417177
1.730551
4.225985
-1.923593
1.740261
-1.420298
0.801641
3.316996
5.345856
-4.870535
-4.325165
7.828344
-0.407236
7.019189
-4.815513
-4.676338
-3.661658
0.299441
0.953763
1.102647
-0.726043
-2.836320
-2.349208
8.776673
-2.734366
6.166339
8.561438
2.442608
-3.795977
1.643163
7.030517
0.400301
1.021732
1.855161
-2.679035
6.193850
0.207722
-1.700266
2.040206
3.936308
4.060918
4.554502
-1.275966
8.880245
5.457519
-4.331638
6.580627
3.517166
4.997919
0.707779
-3.436713
1.905329
-2.896197
1.277425
7.443186
8.336493
-1.117674
-0.867369
6.282857
1.831967
1.324356
7.494972
5.837846
-1.960814
2.975032
-3.503063
1.024968
3.148191
-1.488267
-3.263553
-3.598544
3.403884
-1.378222
3.130390
-4.019304
4.583632
-2.710091
1.118830
2.717720
8.758872
-2.711710
-0.656530
8.792856
-2.502948
0.651139
5.402049
2.740377
3.340770
5.009247
-1.866952
0.475405
7.993411
-0.284245
1.936077
6.981967
7.794359
3.789042
7.229569
-0.993064
1.279043
-2.093515
8.702231
-0.756791
1.376141
-4.788001
1.523429
-2.901052
3.570570
3.227414
3.768004
4.263207
-0.564212
5.077217
8.066235
4.259970
5.677540
3.960583
-1.557855
4.182291
6.373483
6.702000
0.253034
7.357415
0.550803
8.794475
-3.216622
-0.169345
6.284476
1.699803
1.426309
-0.734135
3.766385
1.106244
5.965669
0.828678
-1.352535
1.036929
-2.629176
2.012137
5.921974
1.079991
0.626864
-4.469194
-1.999653
5.531962
-0.293954
-2.813663
-4.127731
2.551035
-1.038377
-0.216276
0.437522
1.919894
-1.781181
-0.183909
0.206103
0.134898
-0.475205
2.261917
7.729627
-1.663993
2.599584
-0.365160
5.653335
-3.420529
6.274766
2.983123
-2.935036
2.339036
-3.902786
-2.135591
-0.358687
1.795284
7.841290
8.618079
-3.747428
3.345625
-3.831580
4.277771
3.493484
0.494163
1.324550
1.995954
3.536585
2.810042
-1.413825
-3.867183
-3.329904
0.545948
5.112819
-4.292799
-3.909259
1.986244
-3.611490
-0.370015
-2.582245
2.764651
-3.880129
-1.124347
-2.702000
1.094429
3.395792
-2.200324
-0.133742
-4.550110
7.252225
2.295342
3.004161
6.158248
5.179170
5.245521
3.305167
-0.738990
0.372069
-3.148653
6.538550
-2.708473
3.436250
-1.222864
-0.136978
7.352560
6.799098
4.562594
5.222864
-1.892845
-4.886718
2.673916
7.504682
-1.272490
7.104959
1.918275
2.749474
3.640157
1.823263
1.963588
2.457173
7.592070
1.178708
-2.800717
3.779332
-1.915501
-1.970524
8.899665
1.556702
3.834354
8.474049
1.336950
7.143798
8.993527
7.577505
-3.637383
8.287944
-1.082076
-0.551266
3.973529
8.215120
7.381690
1.167379
-1.207636
-3.655184
4.599528
-4.833314
5.510924
8.449775
0.316148
-1.913883
3.632066
-1.093400
0.366316
2.012294
-0.637036
1.725696
-0.909080
8.974107
0.855046
1.482950
5.828112
-3.310484
7.287828
-1.517179
-2.407467
0.413733
-0.268061
-2.347590
0.986020
5.007629
2.586637
-0.824760
4.926714
-4.901283
1.015258
0.181829
8.734597
-3.991793
3.204832
1.605942
3.036528
-1.572419
-4.461103
-2.991677
-3.996648
2.484684
-4.914230
-0.413709
5.350711
0.136267
6.038493
6.902670
-4.274997
4.010750
-3.690787
-2.022675
-0.835324
-3.227951
7.014334
-2.538550
3.280892
-3.689169
1.384233
3.188649
5.260086
-2.331407
4.724425
-2.266674
0.948908
-1.619350
4.174200
6.093515
8.095365
3.727546
8.690903
5.688938
2.128300
4.656456
1.900474
8.192463
8.129349
-3.663276
-2.488383
3.858629
6.546642
-0.090047
4.861981
-0.156018
2.748468
-0.292388
-2.625939
-1.747197
4.672639
-3.765229
7.490117
-0.149925
0.636574
2.435115
-2.928563
5.266559
-0.938042
0.155936
8.643972
5.760143
7.834817
-0.373252
7.815397
4.968790
3.530112
-3.643856
8.247486
2.268660
3.575425
6.800717
4.611143
4.457404
0.130043
-2.290949
-2.205179
7.627673
5.203445
4.832197
6.234308
-2.176049
-4.705468
7.080684
0.889030
5.654953
2.429661
-0.088695
1.088082
-4.716796
-2.077332
6.328170
-4.626170
0.261126
5.439718
3.732553
0.353678
-0.989828
1.444111
-2.250491
-0.766824
5.823257
-2.282857
0.968280
0.487689
-1.494740
6.689053
1.104265
0.476361
-4.741070
-0.010750
8.404462
2.314761
0.509137
3.034909
5.803838
-0.745938
6.569298
2.901139
-4.996763
0.728817
0.746619
8.836551
0.531384
0.442377
4.189037
-1.250376
-2.070859
8.323546
1.392325
-2.142065
6.528841
-0.900821
7.247370
-4.014449
4.790776
2.642468
3.675760
3.041382
8.431973
-1.313490
-3.873656
5.944631
-2.519131
2.877933
8.967634
6.575772
-3.729627
4.452549
5.507687
2.447463
6.753786
-2.637267
5.273032
0.350133
-2.663160
-3.525720
-0.149064
-4.100220
8.737834
5.502832
3.223729
3.635302
-2.436597
0.105768
-3.407583
3.129024
0.336995
6.441452
-4.640735
1.958733
-1.470466
-2.868686
-1.556236
5.436481
6.786152
-1.307017
1.096174
8.920703
-2.247255
4.732516
2.251647
-2.562825
-1.067508
-0.639619
7.982083
-2.742458
-1.468848
8.244249
-2.218125
2.426425
5.638770
-2.027164
2.563981
-2.117790
8.355913
1.129147
6.671252
-0.015605
5.690556
4.316611
2.269449
1.036296
5.073980
3.198359
4.709860
-1.522252
-1.885291
0.238470
3.750202
5.086926
-4.137441
-3.572651
6.865449
5.433245
-3.792741
3.594845
6.462490
7.930297
4.023697
1.692145
0.895762
-4.029014
6.407467
-1.833057
5.478557
1.191654
5.737487
-2.064386
6.159866
1.527824
2.843949
-3.768466
0.872975
-0.984973
2.648133
2.554271
2.920009
2.156630
5.831349
-0.192971
7.185874
6.451162
6.969021
1.560629
-0.412091
-3.019189
4.774593
-2.614611
8.765345
8.556583
-3.821870
6.591955
-2.480291
-1.014102
-2.318460
7.145417
7.860710
6.289331
1.832263
8.962779
3.991330
7.734482
2.876315
0.189920
-2.289331
4.530228
-1.608876
-3.715062
1.366432
7.896313
1.005548
-4.687666
-2.595191
1.330829
1.005548
8.754017
7.499827
8.860825
3.593926
0.956826
2.949139
2.385967
8.844642
0.312177
3.227488
7.561322
-4.823604
4.302046
5.012484
-2.642122
8.054907
-3.333141
7.990175
-3.159982
-4.686048
3.821408
0.656069
5.771472
0.510435
2.343891
2.205935
-2.617848
5.941394
1.091319
-4.632644
0.986129
-3.103341
-3.401110
-0.759006
0.277309
0.978037
-1.098255
1.246677
6.244018
1.192260
-4.750780
-1.341001
-4.132586
0.050216
0.399533
-3.315339
0.127119
4.798867
-2.617499
0.771689
-2.933418
0.800023
5.198590
-2.739221
4.481678
6.998151
-0.502716
6.355681
4.405618
7.391400
0.570223
-4.838169
2.803491
0.900358
-1.517397
-0.277771
-3.085539
6.210034
1.300081
4.677494
0.723054
8.457866
-4.252341
-2.820136
1.283898
5.479190
5.836204
6.617848
0.359843
5.473702
-1.543273
-2.504566
0.696451
0.809733
2.785690
-2.062767
1.230494
3.157901
1.694949
6.635649
2.873078
1.916657
5.363820
-4.849497
1.455439
-2.808808
2.724194
-4.917466
7.213386
0.683505
0.499733
0.664085
-2.354063
-0.604670
-1.457519
-3.393018
5.368512
2.296960
2.628713
7.957808
-2.116172
4.412091
-0.465495
-0.526991
-3.888221
0.199630
2.996070
0.384316
1.274188
3.269564
6.761877
-1.079755
0.104053
2.517050
4.822862
0.514372
4.281008
3.242053
2.363311
-3.185874
-0.131005
-4.448156
3.571262
-0.143452
1.248295
-0.022078
2.499249
-1.187945
8.234539
6.770731
6.933418
-0.298809
-4.164952
-0.875927
-4.881863
3.473471
1.887527
8.007976
4.661311
1.683620
0.243324
1.861634
1.057334
7.117905
-0.161253
3.572188
-2.865449
8.305745
-2.012600
-3.083921
1.402116
5.230956
7.506300
2.997688
7.321813
-4.035487
-1.426771
1.139279
0.214195
0.806496
3.256618
-4.781528
-4.517744
-1.672755
-4.111548
-0.185528
-3.585597
6.133973
-0.054445
0.417463
6.248873
1.848688
5.716449
-3.218241
0.777367
3.382779
-3.622818
-2.078950
8.253959
7.839672
1.585392
7.402728
-0.915386
-3.852618
7.886603
1.347012
2.147503
-1.706739
2.203098
-0.145070
2.280777
6.022310
-1.577274
3.585135
-0.182291
2.625261
-1.263322
-1.821639
2.512195
-3.009479
8.797711
5.391169
8.075945
-1.085810
4.421801
4.551266
-0.234077
0.091203
1.327315
-4.618079
-2.169576
2.583401
8.768582
0.062769
3.875205
8.137441
-3.439949
4.669402
7.181020
-0.806959
5.141949
8.684430
7.637383
5.925211
4.699504
4.530046
-1.709976
-2.653450
-1.371983
4.104612
-3.985320
3.994567
-4.096983
5.824876
0.528850
4.306901
6.221362
8.448156
1.513698
-2.630794
-2.791007
-2.434979
-4.011213
-0.664547
-0.829615
-2.888105
0.861519
7.575887
5.235811
7.889839
-3.810542
-4.959542
4.975263
0.686741
0.638616
6.161484
-4.315455
3.070512
6.019073
-0.150658
4.821524
-0.217894
3.714599
-0.162871
2.167495
2.913536
8.260432
0.898740
8.600277
1.371136
-0.651601
-0.371633
-1.290833
5.933303
0.613917
-0.881401
1.727185
-2.776442
-0.324702
4.389435
-4.542018
4.190383
4.644099
-0.768119
0.345239
-4.221593
8.661773
7.527338
4.347359
1.227257
1.473240
-0.772974
0.091862
1.485633
2.004046
8.548492
0.311128
4.575540
-0.437162
2.562363
-0.879783
6.653450
-0.904057
-3.053173
2.334181
-0.761646
4.894347
4.282626
8.334875
1.573575
2.162640
1.895654
4.293954
-2.269911
-0.640273
4.051208
2.474974
-4.548492
0.578315
5.954341
-0.620853
2.737358
4.717952
6.986822
3.411975
3.446359
0.554040
1.343775
-2.159866
0.434285
-2.316842
5.909028
7.600162
-4.506415
-1.145186
2.227373
-0.912149
-1.515779
-2.362155
1.159288
-0.220108
-3.177783
0.693215
-4.652063
0.816206
0.183637
6.345972
-1.270804
2.309906
-0.326321
-3.121142
8.789620
1.733788
-2.944746
-3.300774
1.431164
-2.871922
6.619466
-0.693677
-4.915848
-3.459369
-1.902280
-0.250260
3.271183
-2.145301
8.894810
-4.867299
3.099642
8.035487
4.810195
6.452780
0.562132
-4.051670
-1.347474
5.559473
5.124147
4.743845
4.481294
7.928679
3.523639
8.483759
0.591261
8.419027
-2.185759
4.018842
0.015031
1.745059
-0.994683
-4.003121
1.037915
-3.763611
-3.022425
-3.331522
8.200555
0.950526
-0.619235
2.065774
5.172697
-1.217518
2.999306
7.912496
-4.263669
2.869170
7.664290
0.466651
7.090394
0.745001
5.425501
3.933071
1.313027
8.608369
5.900936
-2.363773
-0.256733
1.188418
-3.200439
6.519131
1.447547
-0.153311
1.154433
4.409307
4.504335
0.878577
1.793665
8.033869
1.327592
8.365622
2.520778
-2.056294
1.890764
4.313374
-0.463465
2.805109
-2.114553
3.818924
-4.143914
-1.109583
4.366778
4.753555
1.317882
3.390937
8.988672
-4.328401
-2.187377
5.158132
0.312912
8.354294
-3.935152
8.064617
-2.394521
5.324818
-3.870420
1.099410
4.394290
5.680846
2.722575
7.032135
-0.633800
7.881748
3.738874
7.677841
-1.858860
0.921396
3.871576
2.830914
3.691943
-1.436481
3.852156
2.423188
7.868801
2.489539
7.689169
6.493238
3.907178
-3.783031
3.824645
6.520749
-0.421790
-4.797711
4.900821
4.287481
2.387585
-4.598659
-4.902901
5.169460
-4.485377
-3.506300
3.334297
-0.117559
-1.722922
-1.230083
-1.519015
-2.485146
-0.928332
7.436713
-1.875043
-0.487551
-0.609525
-4.830077
8.255577
-1.305398
5.067507
8.394752
-4.872154
2.476592
7.116287
-4.631025
0.612299
-1.544908
3.486418
-1.216391
2.293723
-0.196856
7.511155
7.182638
5.698648
-2.632412
-4.482141
-4.987054
2.853659
0.203500
5.171078
-4.558201
3.000033
-2.583863
4.988209
-0.473587
-0.737743
-2.737603
1.533118
6.051439
6.087042
8.477286
-4.389897
2.216117
0.251416
-0.913767
1.942550
-0.470427
4.984973
8.177899
3.819790
-3.438331
-1.914345
0.388972
3.795515
5.850769
6.066004
1.976535
6.125881
-0.664464
6.028783
-3.240897
3.112359
-1.007629
-1.069125
-1.273032
-0.816669
0.902850
3.722004
-2.600046
8.841406
4.614380
7.394636
5.381459
2.741995
-2.009363
2.029939
-1.965669
5.399260
-2.810427
8.181135
0.378858
-3.443186
-0.659693
3.740492
3.520402
-2.383193
-3.868801
2.125419
7.723153
0.280557
-1.337764
2.026702
5.485031
-0.080338
1.249554
3.687088
3.615883
-0.844180
7.983701
2.620908
3.730783
8.663392
-0.187319
8.619697
-2.567392
1.547682
-2.981967
-0.319847
-0.431511
3.263091
-4.883482
1.191388
4.376488
7.232805
-0.410857
-0.830553
7.148653
-0.585250
-4.540400
8.718414
0.962020
3.949254
-0.503689
-2.472200
1.489423
-1.902555
1.950642
6.507803
1.243440
6.148538
-3.352560
0.066929
2.800254
1.302957
0.260087
7.444804
1.703040
0.927870
-0.031788
-0.020460
5.282742
1.987863
1.222402
-4.368859
4.300428
2.606057
-2.320079
1.614033
6.046584
8.152006
-2.557970
-4.365622
2.063923
3.353716
7.640620
-0.001040
2.034794
-0.352214
1.065571
7.163218
2.382730
-2.096752
3.455670
-0.839325
-4.155242
1.249913
3.102878
-1.925211
6.075714
0.518437
4.172581
6.072477
-4.766963
4.471969
-0.159597
4.572304
0.240088
2.220899
-1.583748
0.956140
7.337996
-0.590105
4.358687
-2.917235
-3.253843
8.453011
0.291874
-0.920240
5.611259
-1.794128
2.418333
0.159172
6.899434
3.708126
-3.940007
3.439487
6.637267
0.600533
3.080222
6.747312
7.270027
-2.352445
4.897584
3.180557
-3.606635
3.661195
1.044388
-2.946365
5.475321
-3.464224
6.718183
-4.163334
0.303202
-2.038493
-0.556121
6.837938
5.302162
1.973298
0.987747
1.251532
2.864987
7.464224
-0.447694
-2.700381
-0.957599
4.858745
6.015836
-4.059762
1.442492
8.553346
-3.456132
2.895717
2.601202
8.153624
1.724078
-1.209918
0.418102
-4.129349
2.879551
-4.941741
-1.384695
-0.612040
-3.778176
-1.622587
5.810311
-3.425384
-1.948144
0.829153
1.892382
-1.025431
3.274419
-2.161484
-0.695295
6.875159
-3.371980
7.082303
0.322622
-2.339498
6.286094
8.847879
2.211189
-4.648827
0.934343
2.617385
4.117559
-0.789157
-3.774939
6.362155
7.884984
-2.311987
2.806728
-0.776211
4.857126
0.602589
2.107618
3.216213
0.240404
2.593111
3.507456
4.779447
-3.161600
-0.099757
1.234354
-2.222980
8.708704
-2.438215
3.030054
4.949370
3.556887
-3.274882
6.164721
5.297483
-1.052942
-4.156860
-3.011097
2.921628
1.492660
-4.645590
-3.983701
0.096540
-4.195700
1.245058
2.462028
0.757297
1.636689
2.470119
1.581201
0.956999
2.400603
5.920356
-1.310253
-2.300659
0.871810
5.533580
6.329788
0.053982
1.847070
5.438100
-0.305283
-1.459138
2.355219
2.073633
4.266443
-1.256849
1.507225
-1.769853
7.679459
5.239048
3.415212
-3.107508
0.867992
-2.237545
2.855277
8.648827
-3.271645
4.570685
6.095134
6.061149
2.360074
-4.503179
1.046615
-0.339267
-1.745579
6.057912
1.361577
1.285516
0.799509
-1.855624
-1.366894
8.106693
-1.405380
8.614842
-2.750549
8.375332
4.637036
-3.739336
-1.813548
1.506790
-2.057912
0.558895
5.747197
-1.085308
3.947636
4.967171
4.404000
3.932764
-3.418911
-3.959427
6.679343
-1.344238
-1.421917
5.146804
7.507918
4.711478
6.854121
-4.734597
6.310369
4.230840
5.127561
-1.656571
1.173853
2.093212
0.301584
-4.239394
8.414172
5.675991
4.290718
6.422032
1.808230
0.112241
7.359034
8.270142
-3.592070
-4.508034
0.994436
1.319501
4.944515
6.567680
6.824991
-2.085424
-3.347705
3.098023
-0.815050
-0.636412
-4.983817
0.992602
-1.251994
-0.028552
-3.844527
0.452309
5.420298
4.162871
-4.726506
6.180904
-0.224367
-0.716248
1.555774
8.830077
1.461912
6.956074
4.692059
-3.337996
-2.292567
-4.446538
6.281239
-1.690556
-0.606288
3.144954
1.258005
0.220668
8.300890
-0.481678
0.539168
-2.043348
5.988325
-4.707086
5.271414
4.447694
2.950757
7.001387
2.567218
2.059068
6.776442
7.344469
-1.569183
2.546369
-4.771818
-2.074095
-4.857589
0.029708
1.418218
1.804994
4.455785
-1.807074
8.843024
-0.269680
-1.604786
0.572539
-2.302277
5.028131
4.187146
4.433129
-1.350711
8.990290
3.276037
1.746734
1.711132
-1.928448
0.506894
-2.214888
-0.596578
2.201480
8.888337
2.444226
8.017686
4.664547
-2.853257
-4.975725
-2.216507
-2.824991
8.401225
2.868223
4.567449
6.745694
0.848572
5.415443
4.735753
3.619119
7.713444
-0.839429
4.271298
-4.794475
6.460872
-3.962663
-1.423535
0.080803
2.214426
4.980118
4.340885
3.224252
5.137094
1.802880
7.223096
-4.736215
-2.758641
4.091666
-1.593457
-2.075714
1.384407
3.502340
1.562088
3.500983
5.515779
0.791386
0.511964
-2.849266
-3.972373
0.265981
0.760255
6.485146
2.774361
-1.082071
6.213270
2.869842
2.578546
2.852040
-1.486649
2.337418
8.202173
0.460178
0.061500
8.462721
1.408508
0.188302
-2.381574
-0.340885
6.378338
4.967168
-3.402728
5.090163
-4.443301
0.874465
8.509652
0.413149
5.386314
7.011097
1.623743
6.483528
8.629407
6.977112
1.625361
5.493122
5.501214
1.587516
4.591724
4.892729
2.175587
0.284024
-2.842793
8.609987
1.165761
-0.624090
0.468270
6.582245
-2.695794
1.865739
-3.035372
0.410010
3.607556
1.402034
-4.425500
1.633453
0.673909
0.019998
6.122645
6.367010
-2.679343
-1.205063
-0.259970
6.621084
4.206566
-1.010913
-3.613108
-2.184141
0.507109
8.796093
3.583516
-2.388048
3.634659
1.722147
-3.543521
-3.698879
7.906022
-3.575887
-3.046700
8.889955
2.111829
-1.802219
-0.996301
5.758236
3.962201
-3.457751
-4.310600
6.554734
2.000809
-3.766848
-0.272916
-4.713559
0.083112
7.304011
5.586984
3.466998
4.840943
8.710323
6.850884
0.052364
-4.185990
3.793897
0.165646
-3.172928
0.948256
1.391860
4.120795
5.842677
6.648596
-0.104430
0.882557
0.749856
7.158363
-1.031766
-4.694139
6.211652
3.513929
-4.559820
-4.336493
-2.308750
-3.952953
-4.105075
5.980233
-2.580627
0.552422
-3.307248
0.329367
2.148075
5.879898
-2.905907
7.333141
-2.331979
1.955496
0.236851
-4.661773
8.878627
6.849266
-4.200555
-4.647208
2.589874
-1.174315
2.610912
8.179517
-0.274112
7.305629
-4.357531
4.999538
1.267715
-1.679228
2.971795
5.362039
3.544677
0.842236
3.421685
7.897931
-0.884638
-0.221131
0.215813
-4.312218
3.015490
3.052711
5.384695
3.125535
2.871460
-2.676107
-1.750987
2.905444
7.694024
2.934574
-3.054791
-3.286210
-0.104612
-0.877168
4.622471
-4.812276
5.454283
7.970755
-1.703502
-4.344584
1.952260
3.598081
0.508727
6.826610
6.428505
-1.638770
3.373136
3.057566
-1.860479
4.805340
-0.145730
8.579239
-3.828344
6.674488
2.599306
6.608138
-4.198937
-4.789620
5.310253
8.957924
3.899087
0.186597
5.103109
7.656803
0.833758
-1.994798
3.988500
8.817131
7.973991
-0.952607
2.737140
8.851115
5.577274
5.891226
-0.586869
5.583748
-1.196971
-1.651717
8.048434
7.260317
-3.270027
-2.418796
-3.483644
2.266212
-0.489770
0.026471
3.026818
3.028436
8.584094
-3.507918
7.590452
0.037799
-4.587331
-1.740724
-4.210265
8.045197
-1.926829
1.830887
6.583863
4.769738
7.045081
-3.752283
-1.810311
-1.502832
1.151196
7.779794
6.396139
3.240435
-1.489886
-1.396024
-0.269376
5.101491
3.814935
2.520321
2.413478
-1.792510
1.504236
4.324702
-0.805340
-1.836204
-0.310138
-4.516125
5.431626
4.146355
2.682118
-4.087273
4.425038
0.172119
0.736909
1.871344
2.271067
0.756474
-3.265172
-2.449543
-0.548029
-4.969252
0.280546
8.198937
8.037106
0.441347
2.402271
-1.733457
-2.201942
7.549994
0.704543
3.659577
2.024824
-4.825223
2.973413
4.043116
-0.193619
-3.533811
4.802104
8.985435
4.832852
3.000945
3.533349
8.881863
0.371171
-0.164490
-4.755635
0.821061
3.734019
-4.524217
6.999769
8.964397
-2.182522
7.418911
0.019754
1.101029
-0.151543
1.041151
8.067853
0.043035
-4.930413
2.225754
-0.054259
-4.906138
-0.876546
6.405849
4.480108
-4.966015
0.798405
0.267599
8.158479
5.072362
5.849150
7.472315
2.431280
3.348861
4.111085
-4.899665
-4.454630
3.937926
2.669171
3.143336
-4.928794
-1.711594
7.708589
-3.430239
4.934805
-0.360967
0.181811
6.912380
5.651717
3.115825
8.145532
-1.090163
-4.642353
3.853774
2.962085
8.936886
1.772627
1.185181
1.466767
4.642032
4.078719
-1.591660
4.285863
3.342388
-0.303664
3.970292
6.532077
5.627442
-2.491619
7.849382
-0.005895
3.785805
-2.303896
0.253163
3.892614
5.421917
2.350364
2.007282
-2.863831
8.925558
7.501445
-3.969137
5.129002
-3.394636
-1.763380
5.943012
5.031904
2.546180
6.680962
4.582014
0.659230
2.330749
5.344238
-2.697145
-1.946249
8.242631
2.782453
-3.281355
1.651254
2.109351
7.004624
4.824760
-1.564596
4.876546
1.156051
-3.232805
2.892498
3.331060
-3.946480
4.248642
6.486765
3.546295
1.782337
2.840712
-3.891458
1.429546
-1.599933
-4.572766
-3.760375
7.596925
5.229338
-3.781413
7.587215
8.147151
-2.773205
3.313259
6.232690
5.289215
7.473934
0.204485
-2.643741
4.815050
5.180788
3.170847
6.973876
-1.934921
-0.252807
5.208300
-2.553115
5.489886
1.447347
7.965900
0.969946
7.375217
0.853427
3.452433
4.719835
-1.054560
1.374456
5.797364
-2.797480
7.946480
-2.462490
2.900590
5.565946
-2.146919
7.684314
6.975494
7.804069
5.002774
3.628434
3.823986
-0.591724
5.821639
-1.880357
4.946238
6.290949
2.777598
6.059531
-1.001156
-2.735984
2.371402
6.737603
-2.014218
-1.136599
-1.834586
5.486649
-0.471969
3.522021
5.353948
-0.483816
1.583285
7.033753
3.429777
6.276384
-1.962432
1.076754
3.196740
-1.718067
2.099526
6.990059
5.268177
2.604711
8.493469
7.749046
4.039880
7.653566
7.273263
5.535198
-3.151890
1.470003
-3.938389
-0.032314
0.178592
8.001503
-4.592186
0.337186
-4.092128
0.397937
2.978268
6.803953
5.269795
-2.336262
4.942897
2.252295
8.114784
0.574095
0.723608
1.947405
3.086695
1.019135
-2.954456
0.557277
8.676338
2.690209
7.451277
7.643856
-4.768582
6.884869
8.391515
6.179286
-2.973876
3.261473
-4.580858
2.627095
2.788926
7.020807
-1.637152
-3.109814
-1.808693
8.440065
3.126236
5.569183
-3.737718
-4.061380
4.395908
-1.998035
1.918441
3.672523
4.426656
0.353370
1.983900
-4.925558
7.155127
-4.760490
2.879411
-2.892960
7.795977
5.197878
3.654140
2.743613
2.510577
4.921859
3.229106
6.504566
-3.815397
-0.575540
1.877818
2.144839
0.489308
-1.439718
0.133279
8.640735
-0.703351
5.049705
6.130736
-4.839787
2.149096
7.998266
1.146341
4.227604
8.245868
4.332794
7.441567
-0.070485
8.124494
7.470697
-3.948098
2.083343
5.352329
-1.824876
5.706739
6.488383
3.318114
4.973645
0.554361
0.197555
-0.397526
-4.124494
-0.350595
6.498093
2.068778
6.746206
7.302393
-3.498208
-2.803953
1.282280
-4.202173
4.240550
1.913420
0.390591
6.151774
-4.571148
2.198243
1.234762
3.831118
5.114438
-1.345856
8.459484
-1.930066
4.038261
-2.324934
1.732170
2.704774
5.190498
8.514507
2.903826
-0.261588
-1.269795
-2.731129
0.513582
3.703271
2.243556
1.826032
-3.477170
6.540169
0.228990
4.627326
-4.919084
7.525720
4.751936
5.667900
-0.397267
0.050746
2.220903
6.116172
3.120680
2.792163
-3.451277
-1.041614
-1.370160
-1.651688
3.428159
4.499480
2.332563
-0.456356
3.865265
-3.784649
-2.153393
6.132355
0.099295
3.405502
-3.080684
7.407583
1.168998
-3.184256
1.539591
1.351867
7.326667
8.791238
3.076985
8.103456
6.769969
0.219050
-0.628945
-2.192232
6.263438
4.517281
8.671483
-2.549879
0.699034
8.357531
1.751589
1.898856
-1.162987
7.975610
5.119293
0.440758
6.880014
3.562478
7.823489
0.583170
5.059415
-4.514507
8.917466
6.467345
7.933534
3.423304
-3.866429
1.431641
-3.496590
-4.923939
8.681193
-3.007860
8.597041
-1.523870
4.183909
7.378453
-1.422385
6.763496
6.867067
-1.664663
2.180442
-2.278003
5.062652
5.360421
-4.961161
-0.874252
3.106115
5.216391
8.056525
-4.349439
1.669056
-2.061149
3.965438
-2.203560
-3.051555
2.381112
5.787655
6.349208
0.026587
4.850653
-0.662929
2.018905
-3.718298
1.017187
-2.826610
6.545024
-0.415328
5.768235
-2.855739
4.577159
6.666397
-1.431626
6.792625
6.587100
-3.350942
1.439256
1.434401
-3.012715
-0.741717
-4.009594
3.958964
1.541209
-4.698994
-1.832967
0.961854
-3.247370
1.262860
7.690787
-0.674257
-1.357184
-4.171425
-3.236042
8.983817
-1.142025
3.195122
-4.729742
3.518784
4.526991
-1.399260
-2.193850
0.307121
7.122760
-4.207028
1.416063
2.104381
4.528609
2.685354
6.732748
5.546526
0.547567
0.911687
-1.862097
1.652178
5.888729
-0.459022
2.013756
0.757947
-1.798983
8.533927
3.606173
2.816437
0.558071
5.886372
6.201942
0.063137
4.929950
-1.077217
-2.003837
8.953069
-0.067391
2.186915
5.148422
5.336146
-2.570917
-1.377996
0.668940
6.813663
3.427022
0.711728
5.811929
-2.721419
-0.035025
1.448036
-0.714715
1.819558
4.224367
-1.912264
-4.420645
1.720842
7.674604
2.708011
3.657959
-3.431858
-2.234308
7.770084
0.382499
2.860022
7.258698
5.331291
8.022541
-1.282742
0.858282
-0.860363
2.672408
1.080711
-2.543405
1.523490
3.806843
4.986591
6.078950
4.514045
1.992718
3.798752
0.309675
1.358340
6.252110
-4.108311
0.709398
7.909259
-2.724656
3.484799
1.502370
-0.587721
2.966940
6.430124
-3.990175
8.873772
8.632644
2.821728
-2.410704
3.266328
7.541903
-4.103456
1.607560
3.926598
7.237660
5.732632
6.703618
-3.973991
3.549532
0.445613
1.130158
2.683736
8.906138
6.514276
5.043232
7.300774
7.189111
7.614727
-2.404231
1.390706
-0.667784
5.195353
-4.079182
6.153680
8.111548
-4.877008
1.471622
-3.397873
2.486302
1.201364
-1.726159
3.578661
6.481910
5.098255
5.625824
4.586869
-4.247486
6.418796
6.926945
1.316264
6.352445
-3.344469
1.007167
-4.980580
5.196971
7.616345
3.646630
-0.215050
5.033522
-4.406080
-0.562594
-1.614495
-3.742573
8.278234
0.049127
-4.417408
7.948098
0.142989
2.871889
-0.764113
-0.005978
6.918853
5.726159
1.884291
8.168189
-0.600413
-0.732516
-0.538725
5.525488
-4.762108
7.240897
1.436209
4.607907
5.959195
1.924749
8.739452
-0.892729
0.751474
1.712750
1.372905
1.468084
6.145301
-4.223211
-3.761993
0.804878
5.845914
-3.380072
3.512311
-1.061033
8.823604
7.962663
-3.484082
0.628482
6.548260
-0.384580
-1.975379
-4.262051
7.532193
0.850191
5.455901
1.996199
1.837360
-3.494972
1.250993
2.138808
4.314992
-4.017686
7.635346
-1.221157
-3.077448
5.514160
5.015721
-0.949370
-2.286094
-2.511039
0.484453
8.433591
-3.677841
-4.205410
8.325165
8.051670
3.094787
3.920125
8.893192
5.520633
7.312103
1.105884
-0.165853
-2.155011
3.978384
-1.164605
-0.594350
5.184025
-3.114669
0.342498
2.793781
-4.074327
6.404231
-0.742226
-2.099988
1.190036
1.214647
2.301815
-2.541787
1.842215
3.567333
8.627789
-2.281239
3.141718
4.619235
0.275691
3.222633
5.057797
-4.373714
-4.530690
3.666050
1.127458
-4.944977
7.533811
-3.668131
2.491157
-0.159635
2.719339
0.406774
5.263322
-3.378453
0.121951
-2.977112
6.693908
5.617732
2.882788
2.686973
-1.917119
-0.794276
-1.980148
5.745579
1.856780
6.522367
-0.119177
6.080569
-2.833083
5.200208
0.745566
8.732979
4.667784
7.588834
-3.789504
8.800948
-1.635533
4.020460
-3.580742
3.138481
-1.737487
2.152930
5.970524
2.916773
2.292105
4.648364
0.988617
2.827766
5.774708
0.711016
7.914114
4.785921
-1.062652
-0.599815
4.339267
2.115461
-3.116287
3.621671
-0.180673
-1.392787
-0.192001
-2.867067
-0.794012
-0.857126
-3.354179
1.523408
2.557249
8.475668
7.855855
-2.211652
-2.384811
-3.619582
4.169345
6.642122
-4.271760
0.712634
8.221593
-1.020576
2.050977
1.050861
-1.729395
4.072246
2.161022
-1.507687
7.388163
0.804735
0.972372
-1.620969
-4.509652
1.903711
4.811814
1.664505
-0.345740
-2.821755
2.895735
7.268408
-0.333425
7.477170
2.513970
5.947867
0.131661
6.085424
-0.439677
3.539822
-4.532308
-2.470581
4.950988
3.898146
-4.720032
6.101607
-1.184025
1.969810
3.840828
7.825107
1.458492
8.919084
7.226332
-3.096867
4.353832
2.063680
0.782222
6.127500
7.802451
-0.766501
-1.224483
3.693561
4.090047
-1.831349
-2.690672
4.849035
0.254653
-4.459484
-0.253497
3.737256
6.523986
0.358073
-1.200208
6.229453
8.686048
-2.598428
3.696669
7.664894
-4.289562
-1.829731
7.799214
5.826494
5.776326
2.944284
5.862097
-1.496405
0.354434
7.668131
1.953878
4.468732
8.478904
0.045891
6.622703
0.990984
7.655184
1.578430
2.716102
3.067275
-0.538319
1.450703
-1.748815
6.735984
6.983586
-1.072362
8.915848
1.537386
0.358224
6.205179
7.574269
-3.048318
3.193504
6.271529
-2.444688
5.724541
4.274535
3.300312
5.896081
3.801135
0.965091
2.531615
0.063692
-0.309600
6.300659
8.542018
1.874581
4.400763
-3.260317
-4.834932
7.669749
5.663045
-1.099873
-0.420183
3.012253
5.795746
4.438108
-4.639117
-1.698648
3.731349
3.746966
-4.585713
6.163103
6.669634
-1.533580
7.554849
-4.388279
0.924633
5.266452
2.169113
-2.912380
6.897815
4.722807
-2.784534
4.998326
2.936192
0.843717
-4.885100
5.551381
2.754942
-0.245322
-1.658190
-1.438100
-0.005321
2.067160
2.308288
-0.802104
-3.653566
8.367241
-2.179286
0.233615
-3.847763
1.965206
-0.785921
0.958618
-1.258467
3.565715
5.025431
5.256849
-3.017570
-3.278118
-2.208415
-1.716449
7.370362
3.664432
8.647208
-3.001387
2.772743
5.001156
0.435903
-1.022194
6.768350
-0.269515
0.453705
-0.729280
6.490001
3.806483
8.444920
4.093284
0.976419
2.389204
-0.442839
-1.103109
8.972489
3.399740
-2.007745
2.357922
1.527947
-2.496474
-0.651534
0.411629
-3.538666
-3.608253
-2.360536
0.908077
8.059762
0.609063
4.086811
-0.439602
-4.805803
-2.687435
3.729164
1.526644
8.077563
-3.970755
-2.459253
7.446422
2.570454
-0.011757
-4.477286
3.110970
-1.955959
-1.346269
5.934921
4.480060
1.261312
-4.606751
5.701884
-3.541903
-0.709860
-3.176165
-4.142296
-1.412207
7.904404
4.842562
3.037185
-0.038261
-3.605017
0.621411
8.524217
6.896197
-0.170963
5.753670
7.485262
6.815281
-1.606303
-2.925327
2.347127
-0.690440
0.295961
8.839787
8.359149
1.008420
3.910415
0.548277
-3.312103
7.771703
8.029014
4.557739
0.197473
4.839325
4.989828
2.123801
7.435094
-4.773437
-1.414158
-1.564431
-0.240064
7.261935
2.434516
1.293523
6.176049
-2.666397
1.555326
-2.634031
3.216160
1.268915
0.984510
1.660964
5.056178
-4.213501
-4.564675
4.083574
0.947299
6.812045
6.146919
5.206681
-3.537048
7.049936
1.851925
-3.669749
-4.962779
2.835857
-1.198590
-2.025546
3.332678
1.314646
1.525394
-1.255231
-4.431973
8.304127
-3.122760
6.331407
4.920240
-0.337649
1.592995
-3.933534
0.906906
-0.327939
7.058028
4.217894
6.278003
-2.606519
4.808577
-0.986591
-1.520633
-0.493326
8.825223
4.829615
-2.443070
-3.512773
4.928332
7.572651
-3.577505
3.751821
-1.850769
6.930181
3.470235
-1.536412
6.558976
8.755635
1.741880
4.794012
8.775055
-1.255633
5.837822
4.179054
2.086936
-0.889493
-0.946133
4.118371
-3.090394
-1.897700
5.722922
-2.713328
6.064386
2.526760
5.264940
1.253150
1.385851
-3.839672
8.838169
7.100104
2.358456
-2.017455
8.189227
8.588949
0.778985
1.601087
-2.732748
7.580742
4.297191
3.127153
2.533233
-1.782800
3.447578
4.525373
0.039417
8.750780
5.650098
1.970543
7.619582
-4.776673
6.184141
-1.868570
-2.098370
-0.165032
-1.106346
7.482025
-2.323315
-3.797596
-3.100104
4.978500
-0.769738
-2.212291
3.808461
-3.375217
1.126922
-1.153277
0.648386
2.228991
1.211074
-3.153508
-2.223003
3.225870
-3.404346
0.919778
7.812160
-2.745694
1.957115
0.071784
-0.583632
0.675130
1.275806
5.080453
7.056410
5.413825
5.038377
-1.943012
4.374870
4.052826
-2.682580
1.358466
7.818634
6.342735
7.048318
4.578777
3.996185
-1.920356
-0.387816
2.784071
6.713328
-4.852734
0.145065
-0.515663
-4.302508
2.156167
-4.169807
4.556121
1.254768
6.668015
8.027396
3.538204
3.895850
-3.242515
8.726506
3.361808
0.157193
3.528913
-3.995029
-0.470350
-0.156398
2.789172
4.628945
-2.104843
4.493007
0.293467
0.710746
-1.213155
7.456132
-2.860594
8.786383
-0.166108
0.198012
0.260841
1.311409
-3.632528
0.607444
-2.378338
5.006011
0.775748
4.959080
6.334643
-1.321581
4.334412
-1.417862
2.018611
1.834123
4.884638
3.897469
8.428737
7.114669
-2.342735
2.596347
6.265056
6.705236
2.298578
6.711710
2.478211
1.423072
-1.012470
8.760490
-4.656918
5.645243
-1.883135
4.548029
1.049243
0.077218
-3.266790
-2.627558
8.567911
-0.062536
7.467460
-0.669402
3.221015
6.616229
1.570765
1.215929
0.498975
8.207028
-1.331291
8.907756
-2.718183
-4.478904
8.006358
3.797133
0.269217
1.125303
2.008901
0.846954
-0.347359
4.237314
4.510808
8.770200
1.121581
8.349439
7.645475
5.596694
-0.111141
4.847416
1.457763
2.779216
-2.036874
5.064270
1.086240
-2.659924
3.219397
5.582129
7.676222
2.272685
-4.430355
1.690094
5.452664
8.438446
6.153393
2.615767
1.780719
-3.318576
-2.923708
0.880497
-4.634262
3.913652
6.821755
-1.415443
0.103917
-0.907294
-4.440065
1.686857
7.740955
-4.891573
-4.993527
3.790660
4.311756
7.524101
-0.232459
1.599468
8.389897
-0.423419
0.502254
4.413709
1.063808
5.093400
0.649520
-0.635093
0.863137
-1.137094
0.004173
2.425096
1.158668
5.612877
-0.546411
7.111432
-2.415559
6.891342
0.785458
1.698185
-4.765345
-4.977344
-1.374986
-3.219859
1.498559
6.566062
5.088545
0.871229
-0.792394
3.774477
5.891903
8.019304
1.639926
5.177552
5.164605
8.762108
-2.729511
-1.996417
7.564559
6.143683
7.278118
6.651832
8.576003
-0.656456
0.125188
3.620737
-3.978846
7.399491
8.258814
1.492557
6.719801
0.836914
7.634146
-0.478442
4.925095
-0.864201
1.584903
3.528494
5.633915
-0.279390
8.163334
-1.509305
4.329557
-1.621620
3.365045
3.356953
7.986938
5.648480
0.589643
-0.386198
1.207837
5.465611
-3.569414
-1.376604
-0.468732
4.747081
-0.497862
-2.253728
0.455323
5.912264
5.580511
3.437868
6.023928
-4.305745
-4.283089
2.641660
5.162987
-3.706970
6.863831
-0.809600
0.500636
2.518668
-1.065656
-4.732979
1.803087
-1.909028
-3.993411
-2.313605
1.269333
5.226101
3.339152
1.779101
-2.930181
-1.695411
1.444555
3.010635
3.101260
8.741070
-0.175405
4.247023
0.002196
5.873425
0.084932
-2.231072
-4.723269
3.214542
-2.771587
1.766154
1.010403
2.709629
4.192001
0.599353
3.823026
0.676779
8.511270
6.389666
8.757253
1.322620
2.644448
-2.962548
6.025546
4.386198
2.146457
8.185990
7.791122
-1.101491
1.727315
-4.904520
3.046237
-4.467576
0.384117
-4.671483
-4.504797
3.442696
-2.210034
4.216276
4.035025
1.224020
-1.562710
-2.668015
-4.635880
8.695758
0.327477
-1.159750
0.917274
1.166594
-4.624552
3.813316
-4.724887
2.353601
2.403768
8.092128
1.374523
4.232459
3.645012
-2.931800
7.184256
-2.897815
4.593342
8.279852
1.225639
2.366547
4.845798
-4.182753
3.651485
1.821177
5.620969
6.494856
7.579124
4.243787
4.489770
4.002659
-3.923824
8.216738
-3.930297
-0.594960
0.542712
7.742573
5.562710
8.257196
0.631098
7.724772
1.062189
6.729511
3.314445
-0.929950
-1.818402
8.205410
8.501561
-2.677725
0.479598
6.415559
2.068526
-4.330020
3.290602
-0.416946
6.043348
1.827361
-1.124147
-1.239013
8.061380
1.529881
-0.685585
-0.366778
4.054445
0.170501
5.392787
2.211949
4.878164
6.258583
5.396024
2.521905
3.556808
-3.897931
-2.035256
6.659924
0.660848
-2.198705
7.294301
6.365391
-2.464108
-2.111317
1.813085
1.440874
8.485377
6.478673
3.112588
7.488498
5.480176
-4.451393
-4.595422
1.610796
0.311187
-2.530459
0.740146
-4.208646
7.320194
-3.863946
3.894232
4.261588
7.972373
-0.774593
-4.453011
-1.010866
1.369668
4.336031
5.693793
-3.626055
-3.229569
5.250376
-0.615998
-2.163103
3.557623
2.665935
-3.127615
3.335213
7.813779
0.647819
5.069125
-3.731245
6.192232
-4.775055
2.604439
0.591986
8.668246
7.087158
7.066120
1.589758
5.682464
0.346896
2.576928
5.041614
-4.260432
2.096289
0.450896
3.526876
0.217535
8.948214
6.218125
2.597966
8.821986
6.388048
5.918738
-1.467229
5.844295
-2.124263
5.150040
4.101376
5.718067
4.164490
7.053173
0.488492
4.439602
2.342273
2.609294
1.217547
5.603167
-2.918853
4.536701
4.133742
4.463877
5.986707
2.730667
-2.164721
0.722344
1.395561
-0.827997
7.956190
-2.714946
-4.423882
-0.509190
-2.789389
-2.399376
0.332599
4.756791
6.091897
-3.093631
1.186799
-3.965900
6.611374
-2.604901
-3.143798
3.700035
0.393827
3.304251
-3.700497
5.700266
0.515840
1.945787
-3.825107
-0.449312
2.829384
-1.742342
-0.577159
1.546064
-4.663392
6.980349
5.981852
-3.223096
-1.303780
5.756907
1.756444
6.219743
3.704890
2.416715
5.130621
-4.043579
7.121142
-4.927176
1.594613
3.695180
-0.603052
1.657727
-4.067853
0.541094
6.892960
-1.632297
8.053289
4.138597
-2.965784
4.601433
4.638654
-1.334528
4.531846
-2.171194
0.505491
-4.291180
6.765114
0.561276
-3.571032
2.275922
6.782915
-0.308519
0.078257
1.974916
1.334065
5.931684
-1.777945
5.192117
-4.385042
3.989712
0.014434
-1.245521
2.056936
7.401110
7.650329
-3.846145
-1.900936
-4.946596
7.671367
3.047856
1.382615
7.327960
2.986360
8.512889
-0.247023
1.143105
-0.811814
-3.088776
-3.849382
-3.614727
5.027049
-0.120795
-1.332909
-2.172812
3.279274
6.137210
1.997573
-3.726390
-2.850884
6.807190
1.774600
-2.621084
-3.490117
-2.261819
7.569414
-0.706624
3.489654
-0.717952
-4.499942
1.025550
-2.528841
-4.574384
8.877008
5.219628
3.967056
-2.556352
1.581667
0.351751
-3.750665
1.087243
-0.666166
1.352310
-0.570685
-4.378569
0.932725
2.470025
2.670790
-1.065605
-0.853890
3.764767
1.769391
4.321466
-2.574153
5.272247
8.566293
4.251878
0.039751
8.634262
2.848804
-2.258583
6.253728
-0.658074
5.470466
-3.540284
3.051092
0.270448
-1.242284
-3.066120
7.266790
-3.982083
8.105075
-2.894579
7.341232
8.658537
-1.019748
0.439140
-0.972026
0.814727
6.873541
6.766732
-1.043232
1.387470
2.026349
-1.841059
-4.037106
3.316495
3.855392
2.792131
7.198821
-0.083574
0.721487
6.174431
-4.462721
-1.719686
-1.904173
0.735291
0.406806
-1.430008
-0.017897
5.107964
2.112473
7.295920
6.787770
-2.575772
-1.083690
4.004277
-1.235811
1.233730
-3.460987
4.696914
3.696798
0.235233
2.250053
0.222286
4.777829
1.291989
1.120449
6.237545
0.146226
1.624055
7.660039
8.525835
2.970177
-4.135822
1.565484
-0.235695
1.325974
2.850422
-1.476939
-0.577583
-0.740608
7.308866
-2.685817
-3.650329
-0.078719
-0.816915
8.009594
-0.329557
0.825916
8.946596
5.334528
0.908969
-1.894463
3.215891
6.949601
7.876893
7.716680
4.180195
-3.415674
-4.145532
6.585481
-2.080569
0.175355
-1.642007
2.127037
0.536878
-0.687204
-3.896313
-2.067622
6.155011
6.855739
8.231303
-3.744191
2.421570
4.688822
-4.189227
3.682233
-1.389550
2.635187
-1.324818
-4.800948
0.838863
0.923015
1.680384
0.295110
1.520171
-1.381459
-4.130968
-4.695758
1.288753
-1.510924
1.649441
-4.684430
5.902555
1.942295
-3.917351
-3.205294
1.371287
8.771818
3.879667
5.467229
-3.135707
1.863253
-4.407699
-2.119408
2.038030
-0.970384
-3.478789
-1.472084
-0.517281
8.121258
3.460525
8.430355
-2.167957
7.265172
2.991215
3.426540
-2.909143
-2.053057
2.450699
3.772859
2.811582
5.742342
3.612646
-3.384927
4.203329
7.263553
0.685123
6.295804
8.935268
-1.630679
4.441221
8.210265
3.554387
-2.242400
5.616046
8.855970
1.296844
3.568952
8.229684
1.347432
-0.501098
1.474858
1.290006
5.630679
7.807306
3.382846
-3.899549
5.632297
-1.129002
2.335799
8.082418
-4.486996
0.510713
5.035140
1.902092
5.599931
8.024159
8.223211
7.092012
8.250722
-0.735753
-1.881517
7.038608
0.176441
8.747544
8.344584
8.766963
6.634031
-0.598595
7.593689
6.624321
3.358571
0.931106
4.912149
-3.295920
-4.752399
-2.417177
5.892845
9.000000
2.188533
3.310022
7.721535
-1.441336
3.011209
0.944053
-3.522483
-3.106577
-1.671136
6.947983
-2.533696
-2.996532
-4.998382
0.151081
-0.505518
1.719223
4.085192
2.814819
7.174546
5.601549
6.731129
5.865333
4.365160
8.784765
0.521674
3.581898
1.518553
-4.758872
-4.399607
0.899125
1.256387
2.920890
0.034170
4.662929
-3.561322
3.756676
-1.937303
6.779679
1.700466
8.176280
-3.681077
3.303549
8.980580
-2.613529
0.212577
-4.422119
3.250144
1.822795
1.460294
-4.682811
6.279621
5.685701
-0.255115
1.978612
3.950873
-4.491851
2.507340
-2.674488
-4.563056
5.878280
-0.051208
-4.250722
3.755057
4.031788
6.107639
4.887874
-1.659808
-0.266443
-3.433476
0.345455
8.689284
-2.684198
6.750549
2.288868
3.648249
-3.812160
-1.591839
0.178953
-1.156514
8.368859
-4.433591
4.148307
-4.792856
1.419836
-4.590568
-2.523986
1.263785
-0.700150
0.087967
-0.954225
6.313605
7.940007
1.576812
-0.070628
-1.773090
-3.444804
-1.452664
2.329326
0.730653
3.775167
-1.989943
-2.133973
6.598428
8.991908
-3.302393
-3.587215
3.750437
2.062305
6.499711
1.983008
7.528956
0.113860
5.727777
4.737371
8.321928
3.690325
0.812736
-1.669518
2.862486
-4.737834
4.887057
4.520518
3.400051
6.541787
3.697393
3.630447
6.758641
1.164143
0.539475
1.811467
1.638308
5.295688
1.930030
4.705005
4.776211
5.635533
-1.114438
-2.781297
-3.517628
0.981274
-3.841290
7.093631
-4.653682
8.506415
0.064473
3.488036
3.394174
0.579933
7.292683
-3.125997
-0.444457
7.070974
3.589990
7.703734
-1.708357
1.662582
2.407005
-2.129118
0.067897
8.545255
-2.132355
0.076639
0.903595
2.763893
2.021847
-4.020922
1.592300
-3.931915
-4.817131
3.031673
2.290487
8.956306
3.683852
4.470350
0.306439
8.682811
-0.897584
3.399029
4.080338
-2.807190
3.445960
8.014449
4.590105
6.625939
3.654722
-2.726274
1.771009
1.403653
6.905907
0.002465
8.040342
5.530343
2.187848
3.559242
1.630216
0.208802
2.536470
2.797018
6.032019
4.229222
3.301930
0.881270
-0.124032
8.302508
4.855508
4.743686
6.067622
4.991446
4.635418
4.392671
-0.094902
0.342041
8.865680
8.872154
3.245290
7.821870
0.340423
-4.584094
5.185643
5.904173
8.563056
8.966015
5.523870
0.691596
0.979304
-3.062883
5.389550
5.731014
-4.956306
-3.248989
-1.512542
4.654838
1.761299
7.761993
6.484630
-4.168189
-2.512657
-0.955843
-2.248873
6.077332
-3.321813
5.010866
2.939429
6.511039
3.091550
4.049590
6.242400
8.569530
3.404689
-2.782915
6.727893
-4.054907
-3.556467
0.689978
1.665819
3.400647
-4.809039
3.389339
3.182175
-1.724541
2.539706
1.868108
-0.115940
8.891573
7.951335
3.607791
-1.957577
4.122414
1.544129
-0.425038
2.818056
1.020113
7.711825
-2.490001
1.199746
-2.091897
-2.569298
-4.179517
0.754602
-3.422148
1.463530
-0.544793
-4.346203
4.454167
5.548145
1.989481
-3.004624
5.329673
-0.428274
5.713212
0.238965
0.298347
-3.261935
7.064501
-0.174200
-2.938273
1.144200
-3.488498
8.571148
6.049821
-2.226217
5.946249
-0.850244
6.018649
-1.287597
1.098956
0.023505
5.182407
6.307132
5.894463
6.988441
-4.278234
-1.496359
6.468963
-1.018957
-0.790776
-4.323546
-0.032810
3.975147
0.584193
1.911802
-4.708704
-4.177899
1.567102
5.161807
8.043579
0.158254
-1.761762
1.322737
-2.812045
-2.376719
0.947289
5.684083
1.000694
4.925590
5.496359
-3.936770
3.089932
-1.731014
1.798520
-4.075945
2.923246
-1.266559
0.942434
8.886718
2.182060
7.427003
6.612993
1.575194
6.062767
0.982892
6.846029
8.346203
1.466157
5.447810
3.886140
-1.095018
7.334759
-4.470813
8.333256
7.433476
6.944746
-2.769969
-1.776326
-2.920472
3.347243
3.162756
3.380487
0.387354
-3.566177
6.781297
-3.773321
2.656225
-1.684083
-0.112959
-0.038584
-2.795862
-4.297653
3.033789
3.402266
-0.962013
0.667322
5.277887
-4.106693
0.673795
4.065700
1.198127
-3.195584
8.273379
1.659346
5.994798
-3.032135
0.905213
-3.349494
-1.112819
4.119177
-1.447810
3.627211
-3.368743
1.929604
6.214888
-3.922206
0.283782
6.512657
1.478095
0.401708
3.735637
4.630563
7.362270
1.516934
8.252341
5.876662
2.612530
0.112379
-0.377993
7.452896
1.981389
-0.336031
3.298694
7.279736
5.242284
2.858513
5.358802
-3.250607
1.961970
0.787270
6.858976
-1.091781
-1.750433
-1.297307
0.529765
5.517397
5.983470
2.894116
3.308404
0.952144
2.696682
0.193157
-4.910993
0.341711
-0.187158
-1.449428
2.515432
-4.511270
2.599326
0.395446
-1.608022
6.392903
2.217663
2.698301
4.827997
8.626170
4.641891
7.342851
3.537849
6.907525
-0.808536
2.911918
6.915617
7.969137
-2.028783
6.096752
-1.373367
3.442723
8.864062
-2.546642
2.311525
-0.939660
4.444457
-0.344149
3.431395
7.147035
4.069009
5.528725
-0.580395
2.018730
0.625246
-0.926376
-1.554618
7.197203
0.061311
1.113975
2.953569
0.272454
0.160791
-4.643972
1.287134
2.769506
7.681077
6.106462
-2.545024
-2.744076
-3.208531
4.522136
5.711594
-1.294070
8.276615
7.875275
-0.751936
2.216044
-1.803838
4.342504
0.680268
5.481794
6.308750
7.046700
0.474743
1.978153
1.764536
4.402381
8.949832
7.514391
1.881054
-0.201258
-0.405618
7.389782
0.191539
8.622934
-3.912496
8.038724
-0.780752
1.003930
3.043001
-2.271529
8.190845
1.515316
-1.182407
4.954225
4.599815
-1.193735
7.347705
-4.038724
-1.590221
1.295226
7.949717
7.239279
-3.749046
-2.244018
4.564212
-3.627673
-2.975494
5.039995
4.373529
-1.132239
-4.244249
0.419745
-0.837707
0.496322
0.641429
3.253381
6.533696
2.883471
7.289446
-0.978500
-4.970870
6.261819
4.690440
0.104150
3.636921
4.941278
0.380881
2.674636
-0.980118
8.331638
3.986476
2.282395
3.322968
2.607793
-0.141833
8.376951
0.065310
0.329095
-3.834817
7.583979
-3.574269
7.365507
1.086464
-1.685701
-4.194082
4.195238
6.991677
-1.879898
1.949023
-4.873772
3.968674
1.906947
-3.049936
-3.511155
7.838053
-0.543174
-4.394752
-2.258478
-3.441567
-4.613224
-4.742689
-1.984293
-0.625708
4.501098
0.259508
1.897237
4.910531
-2.535314
0.059475
1.571957
5.243902
5.133857
7.755520
-4.495087
5.889608
-4.116403
-1.543290
6.553115
8.396370
3.208068
3.243671
-4.333256
3.277656
2.023465
-4.022541
7.938389
0.285192
8.550110
-3.682696
5.232574
5.135476
7.757138
-4.868917
0.405001
6.609756
0.427812
-0.745463
-0.688822
2.411860
4.866836
4.272916
-1.122529
-3.365507
1.193272
8.041960
-1.381253
6.320079
7.543521
-4.098601
0.845336
8.208646
-3.629291
5.962432
2.758178
-2.926945
4.124032
2.735522
6.167653
2.052595
-0.243787
-0.597189
7.061265
-1.791762
2.405387
-0.692059
5.188880
0.914923
-3.024043
4.462259
-4.027396
2.256502
2.261357
4.755173
4.382205
7.624436
1.783546
-0.436366
-2.151774
1.618888
-0.389435
8.828459
1.368050
-4.255577
1.398229
5.315108
2.159404
-2.590336
4.645128
8.072708
7.480407
7.271645
2.798636
8.928794
4.904057
8.559820
-1.289215
7.766848
7.847763
-0.135360
1.264478
-3.268408
7.475552
-0.601433
7.483644
8.050052
-0.175648
-1.017339
6.260201
0.115197
1.544446
5.433093
4.939660
5.292452
-4.025777
-1.980233
5.387932
-4.147151
2.468501
5.705121
0.957991
0.162409
8.804184
-0.008881
-1.693793
6.002890
-4.692521
8.705468
-4.967634
4.789157
1.860016
-1.175933
7.253843
8.621315
4.552884
6.946365
6.828160
-4.836551
3.905560
-0.242169
-1.501103
6.240781
6.847648
-0.794649
2.068812
-0.499480
-3.320194
4.025315
1.121462
3.497746
6.502948
7.205294
6.841174
-4.569530
-0.821524
3.049474
6.103225
-0.910531
-0.571649
0.771939
3.803607
4.373330
0.221663
0.070508
8.423882
-0.976881
-0.565831
8.546873
7.284591
3.023581
8.342966
-3.672986
0.563750
7.737718
4.716333
1.124224
3.957346
5.444573
0.253239
-1.839441
4.268061
6.036874
-1.462374
6.614611
3.850538
1.468385
1.510461
7.765229
-1.444573
0.785873
-3.889839
7.706970
-4.757253
-2.355681
1.580049
-3.583979
-0.682349
0.246561
0.152495
0.560513
2.761415
3.921743
-0.554502
8.857589
6.795862
0.653823
1.270951
7.067738
-4.710323
-4.920703
-0.195238
5.140331
1.748353
3.164374
0.566986
3.013871
-2.624321
5.659808
-3.907641
1.678765
-1.036759
1.097792
1.586522
1.727286
4.397526
-0.530228
-3.025662
-3.070974
5.543290
-1.166224
-1.065888
-0.130505
7.210149
-1.976997
-4.475668
0.701306
8.813894
-0.514045
8.071090
8.410935
-1.185643
4.323084
3.174084
4.483297
-2.880014
-0.208184
-2.409086
3.924980
-1.835809
2.623859
6.185759
-1.148422
-2.494856
-0.353832
-2.010981
-1.580511
-2.907525
-0.001826
0.243037
-3.325049
5.311871
-4.579239
-2.273148
-4.412553
-4.519362
6.491619
1.214310
5.763380
8.652063
0.864756
-1.650098
-0.018842
0.803260
-0.071490
4.075483
-0.852271
3.688707
7.439949
7.931915
-4.184372
6.645359
1.858398
3.211305
0.429430
-1.253612
-2.137210
7.255462
3.854776
-4.007976
4.113484
7.009479
-1.281124
0.176430
-4.690903
-4.745925
3.297075
0.866374
2.452318
4.449312
0.256271
-3.291065
8.867299
1.641544
-0.493338
0.620391
0.288637
0.762240
3.444342
4.881401
4.933187
2.490104
3.714520
0.973182
-4.375332
4.535083
-3.294301
1.998901
-0.504360
4.582473
3.420067
5.379840
1.505606
1.272570
0.985370
4.291822
7.783031
2.285632
-4.041960
3.801988
1.568720
5.020576
0.416484
-0.318229
0.652755
7.297538
2.692579
0.397370
-1.886372
-4.597041
-1.059415
1.128540
3.560860
2.652988
-3.158363
0.623627
-1.300543
-2.345972
-4.978962
-2.608138
8.085655
-2.108080
1.814704
0.115478
1.552487
5.781181
0.463415
-0.175818
8.232921
2.373020
2.474961
6.551497
5.085308
3.963819
4.541556
-3.308866
1.835084
6.318460
5.884753
-0.048108
0.450975
-1.483412
-0.716333
4.180673
-0.988209
-3.226332
-2.284476
7.384927
3.458906
-1.355566
-0.069009
6.167957
1.065809
8.079182
2.190151
0.096058
6.755404
-0.530305
0.968327
-0.970408
-3.405965
3.076467
1.876199
3.376179
-0.842562
-1.045033
5.802219
0.790313
-0.483297
2.298191
3.844064
8.603514
3.114206
-4.053289
2.321235
8.818749
3.881114
4.834470
5.677610
-3.197203
4.146079
-2.664779
-2.019073
5.138712
5.430008
8.490232
1.280661
1.355067
-2.902670
1.654491
-2.103225
-0.494625
-2.158248
-2.373483
0.759565
7.995029
-4.988672
0.191147
-0.724425
-1.896081
-1.549763
1.537972
5.740724
6.232256
6.664779
-3.452896
0.918160
8.467576
7.687551
-0.066124
3.133626
8.338111
-1.981702
0.822679
3.656340
-0.140250
0.225523
-2.564443
5.734250
-0.868455
1.722460
-1.105597
6.108080
8.927176
5.426771
5.679228
-1.645243
5.147539
-0.026933
-3.079066
1.503988
-2.740839
-2.723038
4.170963
0.217630
-0.435788
1.767773
-1.735869
7.753901
0.123570
-4.593804
3.363426
2.479621
-0.012369
2.756560
4.145070
-4.258814
-0.613699
5.604786
-0.622471
3.306785
1.177089
-2.619466
-3.833198
1.601650
5.661426
0.939198
0.916541
-4.422263
4.310138
-4.556583
4.248144
-2.939891
5.976997
2.924161
6.111317
4.047971
-3.582360
1.999191
1.630059
4.382962
-0.211421
7.920587
-1.978615
-1.295688
-0.721188
5.418680
2.248411
-0.334412
8.788001
1.696567
5.709976
7.323431
-3.988925
-1.993180
8.538782
-2.891342
-4.943359
7.935152
7.177783
-1.428390
4.135360
2.542943
-4.841406
2.775980
4.428274
0.795111
7.682696
7.846145
7.083921
3.007623
-1.268177
3.782568
6.297422
-1.586984
-3.493353
0.392209
0.851809
-4.619697
1.889146
8.909375
3.971911
2.746850
-1.680846
2.025084
-4.071090
7.867183
-2.371865
-4.880245
6.506184
5.960814
4.161253
2.541325
-0.968790
7.425384
0.432667
1.693330
3.602936
-0.866836
8.551728
1.787192
7.826725
-0.793633
-3.192348
0.859901
6.363773
1.013640
0.274072
6.216507
4.067391
0.490926
2.763033
-4.012831
0.001008
-3.462605
0.372789
1.709513
-0.771356
-2.221362
-1.485031
2.253266
-1.100202
-3.883366
-0.950988
7.310484
0.597734
5.755288
5.567564
-1.564328
-1.195353
1.359958
1.342157
-1.865333
7.368902
1.728933
2.906497
6.870304
2.751705
7.462605
7.486880
-4.360768
-3.386545
8.715177
2.897353
-0.460640
5.371749
0.398682
-1.721304
7.129234
0.136516
-3.546758
-2.507803
8.631025
3.449197
6.640504
-0.353836
-1.603167
8.140677
8.944977
2.664316
1.646399
8.087273
-4.219975
-1.116931
6.920472
2.953994
5.820021
2.614149
5.975379
5.860479
0.594498
-4.046815
-1.127384
8.656918
7.142180
3.314877
1.304936
5.491504
1.968443
7.745810
-2.121026
-3.075829
7.496590
-0.767738
-1.030286
4.502716
-4.779910
8.339730
7.282973
-3.501445
7.417293
-1.968905
6.337880
8.499942
-1.800601
8.127731
4.193619
-4.622934
7.899549
7.454514
3.409784
1.778922
7.101722
3.514723
7.393018
5.174315
-4.218356
-2.451162
5.075598
0.479116
1.604323
0.676276
-1.162184
0.373223
4.806959
0.477979
1.785574
4.819905
-1.067507
6.913998
0.333950
5.993180
3.552768
-0.654838
5.153277
-3.067738
5.952722
6.562825
-3.817015
0.013524
-3.562941
4.059300
-3.448041
4.256733
-0.344122
-2.875159
0.311293
0.466354
2.183678
6.857358
-0.518900
-3.854237
4.005895
5.832967
-1.410930
5.240666
5.907410
-2.066004
1.747638
-0.030170
0.304820
4.538319
8.119639
7.862328
-0.240550
-0.004216
-4.318691
0.524654
-0.297191
5.187262
0.940599
7.661658
5.624205
3.065657
8.409317
-2.501329
4.674257
-3.472315
0.452086
-0.368006
-1.766617
3.874812
3.319732
-1.073980
-1.771472
1.550919
-1.151659
-1.446191
-0.434747
-3.855855
4.523754
5.939776
-1.774708
5.281124
0.940816
8.456248
6.600046
6.952838
-2.846029
1.984626
0.414865
8.517744
6.676107
-4.001503
5.629060
-4.084037
1.536354
0.974801
1.617270
2.560744
0.481216
3.463761
0.180210
-1.601549
5.122529
-4.232921
0.596116
-4.226448
8.868917
8.875390
-1.616114
8.961161
0.812970
1.337302
-2.092380
-4.501561
8.665010
-2.640504
7.571032
4.360305
0.911864
2.081725
2.568836
2.711247
-3.339614
2.154549
-2.405849
2.390822
-1.231048
-0.834470
2.235464
3.881285
-1.939776
6.456017
-4.438446
8.093746
0.657612
8.195700
0.348515
0.647902
-4.855970
1.172234
4.276153
6.010981
8.315455
0.677023
-1.123531
8.520980
-3.276500
-3.800832
2.349010
0.000578
6.088660
1.563865
-4.665010
0.743382
0.996441
2.910299
-1.243902
3.541440
3.908797
4.484915
4.727662
-3.367125
-1.493122
1.548551
0.262744
1.597698
1.053834
3.954109
-4.721651
8.590568
0.223905
-3.941625
6.684198
8.436828
0.185129
-0.847416
0.143810
1.775864
4.740608
2.965322
-4.844642
6.698763
-3.596925
-1.008409
5.274650
6.138828
-4.650445
5.004393
0.111328
2.678881
8.454630
3.662814
1.158885
-4.851115
-0.302046
4.598197
-0.441221
0.202842
-2.959311
-4.404462
7.925442
0.516819
-4.537163
6.695527
-1.104728
-3.206912
2.699919
1.411744
4.726043
8.150387
-0.787539
-0.361923
5.397642
-3.651948
4.580395
0.041036
-1.705121
8.351058
-3.427003
2.675859
-0.727662
1.837641
4.219512
5.319963
-5.000000
0.552348
2.356837
5.570801
7.119524
2.963704
2.929719
-0.858745
0.997457
-3.886603
5.777945
-4.791238
-3.710207
6.459253
5.284360
1.330771
-1.383077
-1.394405
4.863600
5.951104
2.515787
-3.944862
3.434632
-2.612993
4.420183
5.099873
5.341001
-0.831233
4.258352
8.224829
7.705352
7.700497
3.085077
-4.922321
-4.436828
1.839981
-0.798867
-1.039995
5.786036
8.237776
6.714946
4.585250
4.459022
1.549301
-0.450744
1.840572
7.538666
-4.464339
-1.692174
3.599699
-3.287828
-3.182638
7.595307
5.483412
-3.949717
5.046469
8.582476
0.102531
-2.969021
-0.505953
2.274304
5.227719
-4.888337
4.734135
8.219975
-0.357069
-4.655300
-0.484915
5.237429
-1.870188
-4.674720
-2.520749
1.078372
6.842793
-3.373598
-4.449775
-3.202058
4.931569
4.166108
1.878584
5.779563
1.521789
1.759681
0.426194
8.519362
-0.661311
0.295924
-0.544009
7.242515
5.290833
4.624090
0.610681
0.741764
-2.899434
7.768466
4.918622
7.027280
8.169807
4.415328
0.929488
-0.492457
3.742111
3.617501
1.915039
-2.779679
2.460409
-4.058144
-1.353948
-1.180788
4.378107
-2.878396
-0.087744
-2.980349
-0.283435
7.127615
3.433014
-2.059531
4.436366
8.347821
-1.596694
-0.887874
5.213155
-1.905791
3.586753
5.590221
-4.276615
6.156629
3.496128
4.609525
7.774939
1.413363
-2.457635
1.940932
2.224136
0.977213
-3.210149
-2.138828
1.560425
-0.520518
-3.943244
-4.527453
-1.627442
0.110623
-2.719801
5.672755
5.905791
-2.391284
7.040227
1.198824
8.386661
4.527133
6.572535
1.934458
-0.479222
5.279505
3.267946
-3.928679
7.516010
0.880939
-0.109467
-4.783146
0.230378
-0.073786
-3.313721
-0.271298
-3.639001
-2.949601
-0.176417
4.098139
2.651370
4.714715
-4.972489
3.042205
1.950612
-0.214657
8.923939
3.478326
4.041498
8.635880
4.993064
-1.028227
-0.941278
1.162525
1.979771
1.502100
0.023234
8.265287
5.808693
-0.871691
-0.944515
-1.284360
4.778552
4.596578
6.570917
5.347474
2.340654
2.042885
6.386429
3.212923
6.557970
7.808924
1.910184
6.734366
0.998342
-1.540053
-1.247139
8.558201
6.287712
2.230609
8.978962
3.876430
4.012369
1.803375
-3.020807
0.299965
4.886256
6.771587
-1.661426
0.618772
0.031326
1.149578
4.865218
2.729049
8.284707
-3.713444
-0.238932
1.144723
2.135129
-2.645359
2.387548
-2.588718
1.602705
7.299156
-1.402497
6.844411
-3.041845
1.012022
-4.152006
0.793550
-3.838053
6.447925
-1.387932
0.078883
6.324934
8.910993
7.244134
1.424691
8.126113
6.409086
0.204460
3.792278
5.253612
-4.673101
1.147960
5.116056
1.180326
2.695064
-2.446307
6.333025
-0.797249
5.957577
8.854352
6.357300
3.678997
4.070628
2.028320
6.394521
0.840481
-2.515894
7.498208
4.198474
4.136978
8.721651
1.501743
3.355335
1.029823
-0.917004
7.648711
4.361923
2.753323
-3.504682
7.134089
4.560976
2.947473
0.385730
-0.937943
-1.805456
7.540284
-0.914684
-3.590452
8.677956
-2.197087
6.527222
1.122067
-1.528725
-3.038608
1.306554
-0.559357
-1.609641
6.517512
-2.952838
1.955034
7.566177
6.559588
0.576386
5.405733
1.649636
0.533002
7.776558
6.140446
-0.596967
-4.101838
-2.525604
2.994452
7.383308
6.197087
4.763264
3.377991
1.829268
4.379725
8.595422
-3.914114
3.483181
7.291065
-0.477208
-1.214773
7.202058
4.106230
7.996648
6.935036
-2.990059
-1.826494
8.998382
6.129118
-3.664894
6.939891
2.802239
1.926367
6.748931
-1.677610
8.954687
7.113051
3.776095
5.297307
2.787308
-0.395908
1.704658
3.499364
-1.811929
4.064154
-1.519805
4.253497
-0.331176
-1.160367
8.283089
3.149809
3.868339
8.912611
-4.158479
-0.582014
-3.579124
3.454052
4.323591
1.211115
-1.171078
5.985088
-4.666628
4.269680
2.813201
8.226448
-3.758756
-3.087158
4.946133
2.094671
0.520055
-3.609872
-3.465842
4.491388
1.081609
0.082763
4.816669
-0.528609
0.960236
7.697260
-3.014334
-1.837822
1.309791
5.708357
6.360536
8.914230
0.248179
4.291074
6.311987
7.164836
7.944862
3.543059
-2.635649
1.991099
-0.733652
6.561207
4.211421
0.008689
-1.070743
4.800485
5.509305
0.185065
-1.201088
4.738990
2.856895
4.698532
-1.559473
3.839209
-4.826841
-3.346087
1.427927
8.673101
6.336262
1.094556
0.536239
4.434747
-3.383308
6.475436
5.915501
-1.433245
-2.046584
2.267830
-4.609987
2.987978
-3.925442
-0.795631
-4.669865
2.351982
-2.232690
1.476477
0.639810
-1.404115
0.469888
-0.549647
-1.260086
0.123013
6.104843
8.564675
-3.198821
-3.676222
3.176779
-4.326783
5.818402
-0.684195
-1.315108
0.446290
5.357184
-3.820252
0.592879
-4.396370
-3.030517
-0.376488
2.573691
7.132470
-1.891226
2.138366
6.543405
1.824413
-3.564559
3.649867
2.394058
3.988094
-4.553346
3.829499
5.815166
1.270674
5.616114
6.723038
-2.671252
1.596232
8.326783
-2.069241
4.250260
-2.514276
-3.231187
-0.458250
-1.230956
-0.151757
7.663276
-3.770084
-1.146804
2.408623
-3.130852
2.494394
2.717196
6.299041
4.001040
1.628598
7.702115
5.104728
2.942006
-0.406218
2.866605
4.156398
3.711363
8.239394
-1.328055
3.034007
5.752052
-0.035133
3.172466
2.549545
0.055602
-1.027049
5.247139
4.102994
-4.118021
1.738643
5.407352
2.675644
-1.023812
-0.017223
5.973760
-3.342851
0.634955
0.638192
-3.904404
0.699688
-1.932116
-1.239048
4.693677
2.455554
-0.454303
-1.326120
6.121026
-1.276269
-2.260201
2.638423
-1.907410
1.396562
1.834999
3.588371
0.777626
7.354179
-3.656803
4.962316
5.446191
-0.121333
1.554156
-2.509421
6.054676
8.080800
6.773205
5.109583
1.058953
7.685932
2.400532
-4.338111
0.872196
-1.585366
3.329442
8.393134
3.217778
-1.024700
8.069472
-0.175907
-1.206681
3.701653
-0.264825
-1.755288
0.036047
-1.229338
0.913305
-0.140215
-0.983355
-4.095365
5.214773
0.296729
1.774246
1.123685
8.585713
0.419720
1.517240
6.638886
2.279158
1.384724
-0.421801
0.715871
7.428621
7.647093
0.819443
-0.009132
5.598312
3.530871
1.879199
7.376835
6.724656
-2.548260
3.698525
2.277549
-0.001420
2.644897
-2.828228
-4.951451
-2.870304
0.999075
-0.452549
-1.203445
-4.843024
7.221477
0.584788
5.998035
-2.392903
2.808346
7.556467
-0.981736
-4.033869
-3.480407
-3.282973
2.487920
1.438856
1.068663
8.498324
-0.748700
-3.305629
3.104497
-2.087042
1.018303
6.978731
3.944399
-4.284707
3.017108
3.062421
6.477055
5.175933
1.306877
-0.256710
-2.787770
-1.424079
8.987054
-3.647093
5.964050
-0.959114
-2.143683
1.846691
7.062883
-2.460872
4.729280
-2.095134
1.141487
3.941163
-2.579008
-0.991446
-1.208300
6.593573
7.336377
3.293839
3.068894
8.197318
-3.711825
2.102763
6.910762
-2.190614
-1.969063
-1.286901
6.692290
-1.565946
7.176165
-1.944631
3.525257
1.497515
-2.044966
-1.053303
6.757022
2.960467
8.805803
-2.006126
6.048203
-2.752167
3.183794
-1.201826
2.572073
-4.878627
3.177321
4.303664
-3.410820
-0.781066
4.077101
-2.002890
3.035040
3.471853
2.232227
1.353485
4.671021
0.092822
0.966709
7.710207
-1.598312
3.811698
0.723963
-3.491735
2.625477
8.593804
8.711941
6.056294
-1.666281
2.173968
2.130274
-1.240666
8.731361
0.662467
6.040111
2.691828
0.795168
0.503872
-4.190845
3.135244
-3.132470
2.970867
-0.111085
0.528147
7.339614
1.609178
2.097908
3.093168
4.690139
2.131959
-2.760259
1.034678
1.796902
6.791007
8.328401
5.991562
8.720032
0.830771
2.968559
-3.728008
7.844527
1.827650
-1.501214
5.428390
-2.661542
-3.056410
-2.219743
7.918969
-4.427118
-0.481974
7.991793
2.110854
-0.504186
6.828228
-4.393134
2.206335
3.981621
-4.296035
1.110906
8.249104
-0.342504
3.573806
0.285401
8.385042
-0.569067
-1.727777
7.109814
-1.973760
0.097677
0.963472
4.423419
2.237082
0.688360
-4.744307
-4.991908
2.287250
-0.488152
0.612342
6.381574
6.339498
3.863484
2.759797
-1.119293
-0.628703
3.721073
-0.755173
-4.660155
3.107412
-1.454283
-1.640388
-4.056525
6.922090
-4.488614
3.706508
0.058240
8.807421
7.397873
0.872847
-1.578893
-1.538435
-4.576003
7.438331
-4.889955
-3.388163
-3.915732
0.995839
-3.734482
8.330020
6.187377
2.465264
8.084037
-1.329673
4.687204
-4.668246
-0.782632
-2.857358
8.532308
3.107733
-4.121258
-4.551728
4.615998
3.916888
2.884406
0.713788
-2.561207
2.976650
5.504450
7.074211
1.084846
-1.469594
-1.308635
7.125997
-0.418878
0.403223
2.505722
-0.557739
4.683967
-0.225985
2.458791
2.780835
-4.119639
4.539938
-0.203329
-3.745810
1.569062
6.370246
7.410820
2.322853
-0.510808
-4.088891
-2.695527
-3.341232
8.941741
6.954456
-0.075483
-3.860710
4.972026
4.981736
-4.588949
5.792510
7.236042
-3.920587
1.562247
-1.646862
0.769275
-2.483528
-3.549994
-0.312515
3.887759
4.852271
2.559862
-0.848596
5.721304
-2.672870
-2.816900
-1.140331
-3.138943
8.779910
3.878049
6.169576
7.059646
7.941625
0.893885
-4.715177
3.832736
0.982724
1.269623
1.499133
6.250491
8.574384
-4.896428
6.951220
7.171310
5.588602
2.170732
-0.106230
2.520287
0.356606
3.462143
5.048087
7.478789
1.457057
-2.638886
-0.578777
8.605132
6.439834
2.547798
5.308635
8.527453
0.427175
1.135013
-2.943128
0.330713
-2.192937
-2.417613
7.611490
1.197895
3.418449
3.929835
-0.443446
-1.514160
7.457751
2.555356
-1.739105
6.876777
-3.603398
4.494625
8.503179
5.514439
5.816784
-0.360305
0.517796
2.020229
-0.410473
6.219561
3.827881
-0.509967
6.808808
1.525026
8.160097
6.629176
1.754826
4.977679
7.784649
-1.107964
-1.219628
6.245636
5.070743
3.623974
1.656109
-2.315224
0.748237
7.537048
-0.114322
4.594876
4.208184
-3.986938
7.349324
7.961045
-1.237429
5.692174
0.901977
-1.548145
-1.349093
1.731042
-1.078835
-3.757138
8.810658
-0.782684
0.319385
2.377875
-0.823142
0.725581
-2.815281
-4.040342
-0.237314
5.549763
6.001272
0.791932
2.706392
6.917235
-0.635418
1.569137
2.212808
7.789504
0.206122
-2.506184
3.912033
2.930992
3.584729
6.224598
-0.309579
6.655069
-3.467460
-4.875390
4.772974
-3.666513
0.109005
1.945317
5.866952
-1.417062
0.074953
6.886487
3.060802
-4.294417
7.747428
-0.618179
0.474501
8.707086
2.496012
0.663365
-3.859091
-3.658421
2.581782
6.881632
0.824298
-0.630563
7.224714
-2.357300
8.417408
-2.166339
-2.245636
1.879436
4.460640
-1.863715
-3.755520
7.695642
1.894001
-3.145417
-2.413941
0.568605
7.907641
-3.980465
-0.899202
4.462876
-0.955392
-1.080453
-1.525488
-4.435210
1.974369
2.680499
5.323200
6.256965
5.030286
2.887643
5.258467
0.011906
3.927562
0.633337
2.327708
5.739105
2.674026
-4.860825
0.378227
2.055832
-2.585481
0.282405
2.427573
2.086580
2.846121
1.309394
2.549416
1.290371
3.946018
5.307017
-0.213039
-0.926714
0.144608
5.394405
-0.641891
-0.404000
1.970061
2.033175
-1.790891
-0.392671
-1.168529
3.167611
5.591839
6.964166
4.768119
2.395677
7.820252
-1.234193
0.293492
2.232788
0.892267
-2.844411
7.606635
5.883135
-0.721812
3.246908
1.240532
2.526694
4.620853
-3.289446
2.577620
-1.795746
0.499017
0.165795
-4.862444
0.958294
0.910541
-0.204947
1.046006
-0.378107
-2.703618
-0.536701
7.927060
0.767657
4.603642
1.204601
-1.802186
-2.004508
4.242169
0.057219
1.209456
-1.823257
7.138943
8.074327
-2.499711
6.778060
-2.337880
-4.364004
6.818518
-0.064154
-0.316611
-2.287712
-2.554734
2.845567
8.109929
3.251763
0.456941
7.405965
5.410588
8.312218
1.783956
-2.425722
-2.468963
0.228504
-4.166570
2.649751
8.236158
6.994914
1.816322
-2.847648
-2.329788
2.191770
-4.187608
2.703156
4.114322
5.374986
-2.609756
-0.720624
1.591377
4.125650
-0.865218
-3.357142
8.496706
8.268524
1.631834
0.244943
-3.685932
1.212692
6.434979
-3.156745
-2.768350
3.934690
4.238932
5.221246
-3.449659
-1.734775
2.620622
0.010312
-0.638654
-0.617616
1.487805
6.685817
-2.402612
-3.166455
-2.603283
5.784418
5.159750
-4.415790
7.978846
-3.851000
7.548376
2.955612
-0.523754
1.416599
1.694582
2.262975
-2.695170
0.897122
2.898971
1.170616
-2.206797
2.131892
8.286325
-2.396139
8.716796
4.766501
5.813548
1.552537
-2.386429
-3.842908
4.437984
-0.112704
-4.689284
0.646284
-1.551381
0.876084
3.072130
3.900705
2.941047
-1.461095
2.508959
5.852387
7.622818
7.088776
7.626055
0.961205
1.175471
-4.215120
0.385736
1.033060
0.167264
1.737025
-1.111201
-1.407352
8.318691
3.564097
-3.554849
-3.064501
3.408739
2.924864
2.908681
5.370131
6.222980
5.125766
6.090279
-1.654953
-2.567680
4.554252
-2.593573
8.516125
7.179401
3.531730
7.750665
-0.880663
3.161137
-0.209802
5.887990
-0.245405
4.141833
3.468616
-4.320310
-0.450016
-2.477055
8.486996
8.011213
-0.746525
0.486671
0.280632
-3.134089
3.641776
6.596810
-2.616229
2.607675
7.509536
-4.818749
-0.104691
-0.390573
0.058837
6.190614
-1.549247
2.533047
0.409366
-1.049705
-2.048203
-4.241013
2.931337
-0.253680
-0.201711
-2.792625
1.786760
-2.765114
8.885100
0.321003
6.305514
-3.692406
5.608022
8.380187
-4.441683
1.869726
7.787886
-3.805687
4.081956
5.536817
3.146573
8.469194
4.107849
0.832044
-0.023697
1.869256
6.650214
0.856304
2.258120
-4.936886
1.193923
2.839094
3.018726
8.263669
-4.347821
-0.454167
4.292336
1.061980
4.051963
3.282511
7.195584
0.034562
-3.189111
2.646490
-0.149678
-4.231303
3.455855
-0.864585
3.800370
-3.702115
-0.743845
4.112704
2.240319
5.858860
8.187608
0.955381
5.193735
0.183447
0.224594
3.491273
8.537163
8.504797
6.643741
-0.564129
8.194082
6.443070
2.392440
4.128887
-2.125881
0.343660
2.398492
5.910646
-0.132123
3.551150
2.082992
7.805687
0.087012
1.589573
4.475205
8.744307
0.796786
2.101144
7.797596
1.157670
4.344122
3.719454
-3.334759
2.504104
4.140215
-0.683967
3.869957
4.675876
2.714040
7.553231
5.656571
1.594750
6.457635
6.604901
-4.362386
0.994220
5.875043
-2.778060
7.316958
3.450815
-4.949832
2.847185
5.451046
1.960351
2.277540
-2.425269
5.161369
5.400879
2.534851
6.630794
2.106841
4.046353
3.837591
8.313837
0.879320
8.698994
-3.239279
6.710091
0.717489
-3.514391
5.022194
8.601896
-3.113051
8.508034
-4.024159
3.875946
4.115940
-1.227719
-0.486533
-4.279852
8.700613
6.431742
-4.465958
0.335568
-1.290776
3.585832
-4.270142
-3.284591
-1.952722
-1.141949
8.289562
-4.820368
2.745232
0.109948
-0.168827
8.134204
-1.820021
1.266689
1.795640
1.182475
-2.431742
2.324471
7.817015
7.872038
7.632528
7.658421
-3.567796
0.738527
0.431154
-3.027280
8.310600
5.643625
1.486054
8.724887
-1.986707
2.120564
4.007514
-2.072477
7.493353
1.155699
-4.893192
7.140562
-3.703734
6.454398
-3.519246
6.960929
1.309994
2.591492
6.962548
5.201826
0.497399
1.818338
8.902901
8.624552
4.764883
4.823142
-0.703387
0.675413
7.639001
3.397411
4.666166
-2.051439
-0.784302
5.847532
-1.271414
1.052479
1.138250
-2.591955
-1.786036
5.017339
-0.015889
3.735127
-3.616345
-0.764883
-3.036990
-3.836435
-2.611374
3.078604
2.523523
-0.855508
3.009016
6.739221
3.054329
-1.397642
2.060687
3.123916
-0.443668
1.997738
0.209340
3.038146
7.331522
2.076870
3.725928
-1.156496
-3.724772
-0.760028
7.216622
4.009132
4.408854
1.777482
0.047509
7.307248
-3.999884
4.022078
6.836320
6.661542
5.044850
8.118021
0.060455
3.931453
0.403537
-1.842677
0.906832
1.008785
0.584521
0.677032
-4.109929
6.574153
8.352676
3.232343
1.522964
-4.383424
3.033291
-1.190498
5.463993
2.594729
1.039533
7.901167
3.326205
-1.941394
0.495781
3.619801
-1.319963
3.984857
4.706624
-1.933348
4.175818
8.781528
-0.818287
7.873656
4.167726
8.166570
-4.126113
1.065426
4.109467
-0.957462
-1.177552
1.023350
2.630332
-0.420333
4.960698
8.736215
2.324501
-3.362270
-4.414172
6.829846
7.077448
-1.981852
0.008670
-1.626288
7.672986
-0.007514
-1.118105
8.171425
5.619350
0.092627
0.801964
4.350595
0.895503
5.572419
1.261241
8.543637
-0.108525
3.556005
-0.056063
1.588140
-1.075598
6.687435
1.325248
1.111288
-2.753786
-2.022310
5.459138
4.127269
0.217432
-3.304011
-1.918738
7.386545
2.398913
3.761530
-1.612877
-1.877283
8.834932
1.626980
-4.286325
6.894579
4.028552
6.273148
-3.588834
4.604670
0.228403
2.834239
8.580858
-3.349324
6.423650
-2.763496
2.992833
1.688775
2.157785
5.298925
8.228066
-1.095598
6.053057
-1.497977
-0.611143
-4.391515
-3.545139
-1.463993
-4.577621
4.853890
0.418718
5.366894
1.160906
3.285747
4.185528
7.208531
5.646862
4.319847
1.872963
8.799330
-1.570801
-2.032019
7.218241
-1.643625
0.089585
4.549647
0.706161
-3.069356
-0.598197
1.612415
-1.712801
3.732401
1.790429
-0.873309
-4.122876
6.549879
0.950398
-1.967287
-1.161369
-2.985204
1.432782
-0.985560
3.980002
1.000148
5.719686
7.878511
5.868570
-2.648596
-0.730898
3.088313
-3.203676
2.122182
-1.002774
-0.934805
5.224483
-4.287944
-3.363889
1.537230
-3.213386
3.335915
1.389088
-3.884984
3.857011
-2.727893
-3.150272
4.913767
-3.520865
0.876321
3.845683
-4.802566
4.308519
-1.290624
5.494740
-3.257080
-1.133857
1.236967
-2.915617
7.313721
2.945902
5.423535
-3.894694
-0.179054
-4.846261
8.598659
-0.490608
-4.681193
2.981505
0.617154
5.794128
0.325858
5.156514
-0.525373
7.651948
5.748815
4.222749
-3.957808
4.771356
2.555889
-4.938504
7.227951
-4.428737
5.854005
5.512542
5.622587
-4.600277
-2.340873
3.151428
-4.444920
6.350826
-2.294186
8.896428
-0.671021
7.545139
2.021820
4.159635
0.094440
6.656687
-3.101722
-4.257196
6.030401
-0.219512
8.692521
3.677378
6.269911
7.318576
-2.527222
-1.074045
-3.446422
8.274997
1.028205
-0.672639
0.028089
7.124379
2.141602
8.778292
-3.807306
6.941510
1.406889
4.651601
3.643394
7.773321
-3.255462
-0.031530
0.361461
4.701769
-4.982199
3.295457
5.540053
8.970870
-1.036759
8.977344
1.169971
-0.975263
2.384349
6.515894
-0.334764
-4.380187
0.630101
0.652757
0.829327
-0.529466
-2.239163
-2.577390
4.874928
-1.154895
0.837244
7.003005
-3.245752
-1.854005
7.459369
0.665703
-0.552884
8.372096
5.671136
-0.763264
0.249798
-4.859207
7.215004
-3.299156
5.028667
-2.112935
-4.253959
-0.126594
5.769853
1.414428
-1.218009
1.793204
7.043463
-1.209203
4.381343
5.949486
1.707700
-2.333025
-0.620048
-2.774824
2.080106
3.270649
3.384464
5.251994
3.083459
-1.707603
-0.446076
7.159982
-2.493238
-4.525835
2.408279
4.936424
-4.004739
-0.653219
6.967403
1.397180
-2.910762
4.429892
2.926482
6.627558
5.714831
-0.044735
-1.138712
-4.909375
1.552008
1.644781
0.694833
1.885909
6.860594
0.537857
4.207073
8.940123
1.797236
2.379494
0.055601
0.443995
0.910068
7.200439
-4.520980
-3.794359
-3.771703
-0.840943
-4.402844
-0.122414
-0.467114
0.515201
0.732054
8.088891
1.328831
5.750433
4.830643
-1.582129
6.470581
0.081493
8.933649
6.203560
-3.391400
1.183563
8.294417
-2.692290
3.133966
-1.653335
-0.302271
-0.480060
4.546411
-0.188764
-0.300428
2.831002
-0.154978
1.348630
3.669287
3.199977
3.178939
-0.368397
-0.147090
6.862212
-1.499595
-0.198474
3.185412
1.927779
-0.902439
5.095018
7.567796
0.201248
-0.172581
7.923824
0.005433
2.406629
-0.705005
-1.405733
0.278927
0.935830
1.335684
-0.836088
2.317998
4.871691
-1.221246
8.443301
2.473356
4.204947
5.036759
6.009363
4.573922
2.725812
4.318229
-3.292683
7.517628
8.446538
-0.528837
-3.399491
0.581551
3.055947
1.131777
4.633800
3.389319
1.705266
-0.355450
-3.829962
3.502601
0.730083
0.979656
6.646977
-4.810658
-1.530343
-2.307132
5.926829
4.486533
0.139753
-4.677956
-1.167842
-3.548376
8.299272
4.760028
3.416830
5.342619
7.954572
-2.224598
1.092937
7.726390
-0.918622
-0.222749
2.195006
-1.667900
-1.192117
0.168882
-1.480176
-1.035140
-1.004393
-1.360421
-3.977228
3.465380
7.883366
-0.274535
1.151190
2.767888
1.682002
-0.525022
1.026587
1.615651
4.450931
2.165877
-3.753901
0.032944
-1.015721
-3.876893
2.868835
3.510692
4.970408
4.976881
2.643965
1.557392
-2.177667
0.613210
-4.954687
7.041845
-3.509536
-0.020752
-2.430124
-4.203791
-2.551497
4.017223
0.780603
8.020922
-2.467345
-0.066953
3.011655
8.370477
2.436135
7.069356
0.240739
5.541671
8.831696
3.604554
-1.633915
3.344006
-1.365276
0.138134
5.488267
4.873309
-1.756907
-2.370246
-2.540169
-3.684314
5.468848
-4.614842
1.495896
8.922321
-4.535545
2.054213
-2.328170
0.473124
-4.985435
5.557855
-0.244460
-2.834701
2.057764
6.033638
-1.088545
2.932956
3.492891
-4.016068
2.771125
5.989943
8.402844
1.242326
-3.323517
4.413804
-1.574038
-3.532193
-2.858976
-0.650379
1.179476
0.383894
-2.475436
-0.922632
3.712981
5.881517
8.148769
1.712291
1.701679
5.324992
8.616461
4.612762
-0.894347
1.220784
-0.059300
4.488152
7.257080
3.372431
2.677263
3.952491
2.164258
-0.581046
4.565831
-4.419027
8.213501
6.109698
7.449659
-0.464801
0.173737
-0.541556
5.697029
8.849497
4.158016
-4.401225
8.749162
0.730436
5.595076
6.760259
-1.116056
-0.153161
-1.964050
1.725395
-2.054676
6.017455
6.426887
-2.040111
3.379609
1.410126
-0.698532
0.397064
6.041729
-2.766732
0.405155
0.643047
2.890880
-1.611259
-4.077563
-3.918969
5.936539
-3.776558
8.362386
7.959427
1.421454
0.396399
-3.179401
1.109120
4.026933
6.726274
-2.263438
8.046815
-1.368512
4.488948
-0.558228
8.679575
-0.072246
2.492775
2.575383
-4.045197
7.219859
-1.285978
8.742689
-4.601896
-4.616461
8.420645
2.795399
-1.951104
1.363195
6.928563
-4.543637
2.497630
4.013987
0.235645
6.716565
1.559011
4.357069
6.852503
-2.001272
-2.755404
0.820974
4.781066
-4.995145
6.965784
8.687666
-0.614380
-3.215004
4.803722
-2.993296
-4.894810
-4.957924
-2.350826
0.605826
5.209918
-3.975610
2.540666
3.674142
-2.368628
5.640388
-3.645475
0.774130
7.360652
-0.400763
7.666513
-1.768235
5.834586
3.119061
2.720957
6.344353
2.750087
-1.828112
-2.972258
1.136632
-0.081956
-3.045081
5.365276
3.792530
0.615536
-0.332794
-0.047971
8.307363
5.585366
0.989365
1.880918
7.601780
-3.485101
8.535545
-0.426656
7.988556
3.835973
5.839441
4.870073
8.262051
2.598984
0.534620
-1.124465
-1.535198
2.552653
-0.816179
4.094902
2.402150
2.118946
5.766617
1.308172
2.453936
3.409828
3.743729
8.461103
0.332332
8.203791
-4.140677
3.593226
0.926251
-0.539938
2.115709
-0.107849
2.822911
4.721188
4.947752
5.669518
3.614264
2.036412
2.168731
4.418564
0.832389
0.814588
1.667437
6.816900
-0.883019
-2.799098
-2.936655
6.074095
-0.646746
2.528378
-2.140446
-2.706855
7.363889
-4.629407
-3.634146
6.188995
-2.748931
3.625592
2.415097
-4.370477
-4.804184
-4.711941
-3.910877
6.402612
2.287414
6.805572
6.831465
0.107386
3.376373
-2.994914
3.709745
2.313143
1.115594
4.030170
-1.363657
3.153046
-0.505439
3.889377
-2.572535
-0.399145
-0.002659
-3.804069
-2.033638
5.972142
1.484568
-1.172697
4.923477
6.579008
1.465149
2.245174
0.227141
-4.113166
2.801873
-1.567564
2.049358
8.266906
0.678650
3.873194
6.172812
6.410704
8.062998
8.397989
1.624673
-1.248757
7.535429
1.908565
-3.381690
3.238816
-0.346316
2.091435
8.464339
-4.139059
-0.091666
0.057234
-1.370131
2.207953
2.047740
2.093053
5.556236
-1.553000
3.534967
0.062074
0.754710
3.777714
1.882673
1.809849
4.221131
7.448041
8.241013
1.715987
6.117790
-4.072708
-2.967403
5.829731
3.902323
1.329992
2.284013
-1.752052
1.929177
1.193321
5.120911
2.796358
-4.907756
2.254884
7.286210
8.802566
0.827534
-2.422032
-0.046353
-0.973645
-2.256965
6.878396
-3.258698
-1.391169
6.425269
-0.140875
3.787423
3.371518
8.407699
4.177436
-2.375101
7.025662
6.480291
0.482834
2.264594
-0.187146
8.859207
1.195710
3.333799
-2.023928
2.701537
-2.213270
7.250607
1.864871
2.712866
5.111201
3.923361
-1.375765
7.245752
5.166224
4.153161
1.691712
3.440359
1.531499
8.606751
8.783146
0.108026
7.732863
5.855624
5.435226
4.588487
0.010288
4.902439
-0.832852
7.072593
6.449543
2.544561
6.797480
0.791863
-1.845914
-0.067174
1.749516
-4.048434
7.006242
-2.454398
8.100220
2.688591
-3.865565
-4.064617
-4.627789
3.284129
-3.174546
-0.886256
2.619004
0.450468
5.339383
3.611028
2.193388
1.944168
0.787077
8.959542
8.870535
-2.299041
0.931701
-1.057797
4.352214
5.276269
4.143452
3.759912
-1.983470
6.114553
0.080361
2.419951
0.714253
-2.252110
3.441105
4.235695
-3.716680
6.316842
4.146688
6.438215
7.943244
7.274882
-0.777829
3.928216
7.605017
8.666628
3.624314
3.064039
0.324240
6.371865
7.156745
4.659693
7.719917
1.110739
8.406080
4.606288
-3.600162
-0.679112
5.287597
-4.066235
2.819674
6.208415
8.653682
3.508685
-4.796093
8.360768
7.810542
5.743960
-4.605132
6.752167
8.833314
-3.708589
2.057450
1.232112
-1.427212
-4.512889
-3.140562
8.943359
8.613224
2.821292
1.567929
-1.339383
-0.013987
8.090510
-2.536932
8.132586
-2.622703
0.667690
-0.535083
2.585019
3.515547
-1.815166
-1.264940
4.245405
3.366663
5.554618
4.496243
-4.160097
8.846261
4.033407
-0.675876
7.980465
-4.483759
1.597850
8.143914
1.437637
2.565599
3.073749
0.413247
4.915386
-0.627326
-4.351058
-3.389782
0.672177
-3.787886
5.449428
-4.216738
6.323315
-1.274650
6.235926
5.167842
5.143567
-1.291343
8.108311
6.901052
2.305051
-0.645128
-0.190383
1.762918
8.173044
-2.646977
4.640273
-1.303252
-4.281470
8.815513
-3.813779
0.908450
2.646515
2.575309
6.315224
7.781413
6.632412
-3.169691
4.713097
-4.898046
-4.912611
0.308057
0.317767
-4.865680
-3.006242
0.791081
-4.498324
0.924821
-2.559588
0.101083
7.718298
6.601665
0.007051
-2.088660
6.883250
3.203214
1.707895
2.371489
5.519015
6.399376
7.512773
-0.733883
-0.248642
-4.935268
3.051614
-0.323084
6.020691
7.161600
7.035372
0.369961
4.416946
8.752399
2.041267
8.341348
7.894694
2.536534
-4.786383
3.156568
-0.632181
8.669865
0.257889
4.154780
2.078488
3.805225
5.294070
-3.059646
2.084961
4.994683
8.472431
-1.143567
-2.428505
-1.169460
5.553000
3.810080
0.638969
-2.365391
1.240642
3.816553
-2.195469
-4.197318
-0.504335
0.887412
0.544330
4.745463
-2.852503
-1.857242
0.202867
4.868455
-3.163218
-3.244134
1.070281
1.112357
-0.819905
0.770894
2.714484
8.522599
2.238701
0.644665
1.067044
8.174662
4.703387
3.622356
3.780950
-0.808577
2.235217
-0.098139
4.073864
-0.138597
-3.802451
5.117674
3.272801
-3.234424
3.653104
3.264709
-3.470697
-2.698763
7.130852
-3.117905
-1.561091
2.080328
3.002543
6.436597
-0.348977
2.250029
0.960675
1.181944
3.287366
6.477560
-3.826725
-4.603514
7.491735
-3.003005
2.479829
7.151890
6.577390
0.154317
3.381228
-2.240781
-2.426887
-3.323431
6.124263
-1.663045
-3.181020
-0.260158
5.082071
1.047625
4.337649
4.366051
2.330944
3.609409
-0.060918
1.701422
7.153508
-0.455785
7.430239
0.811351
-1.697029
8.383424
3.722691
7.893076
6.182522
6.823373
-3.028898
-1.379840
-2.229453
7.880129
3.136863
3.748584
-0.290718
3.758294
1.002312
2.072015
1.203778
2.951200
5.065888
7.368743
4.891111
1.664201
0.761184
1.673911
1.843833
-4.173044
2.863368
3.154664
6.006126
0.631719
1.103661
8.291180
0.282164
1.791930
2.738759
-3.558086
1.235349
3.248526
-1.954341
1.753208
-2.326552
2.809964
8.412553
6.721419
-0.719570
-2.104543
8.938504
-3.535429
-1.386314
2.414386
3.989320
-0.520315
7.409201
1.450584
4.917004
4.099757
7.763611
0.885794
0.157554
-1.713212
0.708038
-4.821986
4.327939
3.337533
1.060571
2.582657
3.753439
3.670905
-2.881632
0.203553
-0.086811
3.424922
-0.059383
5.321581
-3.695642
-4.546873
0.018379
1.845451
-0.586479
6.473818
4.758409
2.364929
3.992949
2.111015
2.149694
-1.671204
7.854237
-4.621315
5.800601
8.540400
-2.305514
6.379956
-4.224829
4.761646
1.758063
6.993296
8.161715
-2.109698
1.508843
4.384580
-3.104959
0.471506
-3.516010
-0.965553
-2.334643
0.597795
8.883482
-0.737371
4.700150
8.975725
-2.015836
2.766270
-1.277887
6.658305
-1.959195
-1.617732
1.971680
3.619652
0.164027
6.708473
0.042654
6.985204
2.463646
5.658190
-0.263207
-3.875275
-4.472431
5.897700
3.983239
-0.962316
-3.721535
-4.082418
5.205063
1.448965
7.503063
-3.648711
1.672292
-3.092012
-3.862328
7.559704
2.114091
5.968905
2.209571
4.355450
2.557508
7.415674
2.070396
7.870420
-2.473818
4.295573
-1.232574
5.383077
3.890995
-3.414056
1.089701
2.269863
3.637813
8.495087
-0.258352
5.460756
-0.092672
8.826841
8.901283
-0.731661
6.700381
-3.799214
1.241822
6.412322
-1.006011
-2.148538
-1.367684
1.838978
-0.229222
5.378222
8.182753
1.853543
-1.451046
-0.025315
8.951451
5.729395
7.851000
-3.956190
1.340539
6.535314
3.237198
5.593457
6.603283
-4.529072
-0.505183
-2.705236
8.703849
1.921512
-0.206566
4.151543
-1.086926
3.140099
2.046122
-1.599931
4.907294
0.461796
-0.065660
-0.402381
3.175702
8.422263
4.533464
-0.886901
7.281355
-1.899318
4.363542
7.739336
2.661080
2.503432
2.928101
-2.566062
6.383193
1.445729
-4.637499
-4.480522
7.135707
4.509190
-0.935886
3.025199
7.530575
-4.062998
1.044211
6.959311
4.996301
0.783840
7.414056
-0.156872
-4.299272
2.345509
7.203676
5.442955
3.481563
7.192348
7.168073
-3.878511
-3.642238
7.519246
5.574038
-2.379956
8.637499
7.373598
4.617616
4.410473
-0.102994
0.555658
0.486071
-3.551613
4.730898
0.493401
5.234193
4.905676
7.404346
4.844180
0.447232
3.580280
6.255346
0.314530
-1.358802
0.600971
2.898881
8.399607
-4.679575
-2.265056
8.820368
-4.933649
-1.040672
-4.174662
6.070859
-4.397989
5.789273
-1.226101
-1.588602
-2.274766
-0.533464
4.708242
8.577621
-2.083805
6.135591
5.642007
2.636805
-0.227604
-3.469079
-0.147107
-1.326436
6.397757
8.441683
0.526529
-4.567911
1.139868
-1.410588
7.546758
-0.649983
-2.886487
0.558279
6.391284
7.329904
2.015374
-1.077679
7.744191
0.658865
-3.617963
4.407236
1.775905
0.798266
2.199861
-3.823489
-4.718414
4.264825
6.326552
7.800832
6.358918
5.316726
-0.228434
-4.474049
1.675529
6.444688
0.458560
0.900693
-3.779794
-3.906022
-0.067008
-3.640620
5.429148
-3.527338
4.792394
6.525604
4.658074
-2.082187
-2.913998
-4.490232
1.338920
3.771240
7.085539
6.321697
1.398798
-0.462259
4.515663
7.778176
7.977228
3.596463
5.938157
-0.316059
-0.946734
-3.376835
-0.849035
4.056063
5.061033
-3.098486
2.983005
6.082187
-4.032251
8.211883
-1.606404
0.465033
7.985320
-0.959080
8.660155
5.790891
0.573460
8.482141
4.255115
1.400416
8.427118
0.654375
-3.660039
-2.786152
4.473587
-2.090279
3.724309
3.079276
-2.517512
-0.845798
-1.220751
0.817825
2.374639
-1.311871
-1.921974
0.287019
1.393943
-1.130621
6.789389
8.004739
-3.857473
-3.423766
2.996062
-1.764998
1.967006
-4.457866
4.543174
5.930066
2.979887
3.931794
2.525142
2.241937
6.936655
2.413983
1.542827
-0.281008
1.379378
0.524910
5.023812
-2.235926
6.420414
1.364813
-2.970639
-4.308982
0.152699
1.735406
-4.658537
8.729742
5.538435
-0.560976
2.075251
-4.245868
-1.878280
-0.146688
-2.873541
3.128771
-0.073864
-0.779447
1.786395
2.128656
3.955728
1.186098
7.613108
7.859091
2.065304
-4.367241
6.564443
2.466882
0.869610
1.101723
0.151323
0.431048
-1.187262
-1.400879
7.736100
-2.344353
-1.734250
0.681886
4.305283
0.231996
-0.845085
-1.797364
6.014218
0.755668
-1.434863
-3.687551
7.522483
-3.951335
3.292221
4.899202
2.902208
-4.339730
-1.012484
-0.391053
7.520865
3.865102
4.889493
1.792047
-1.575656
3.861866
6.774824
-2.397757
-0.476823
-0.195928
1.345394
-3.435094
-3.671367
-0.381343
2.819940
1.056801
-1.261704
-4.134204
4.883019
-1.873425
2.884910
3.148587
-1.876662
-1.616526
7.910877
-4.700613
-2.030401
-2.522367
-2.693908
3.156283
-1.687319
-2.601665
2.374958
8.415790
-0.507571
1.236703
0.576696
5.255231
-4.778292
-0.849010
-1.852387
5.425153
4.478442
8.116403
2.445844
-0.753555
2.513813
8.164952
3.538600
-0.247239
3.233961
1.031441
2.303433
-1.292452
-0.755936
-0.363542
5.564328
2.633568
3.698416
4.465495
3.866721
-3.187493
7.915732
-4.080800
-0.004277
6.142065
-0.039880
-0.874928
-2.297422
-1.871807
0.363079
-2.433360
6.347590
7.276500
6.200324
-2.957693
-3.359034
2.790544
1.110434
2.016992
-3.326667
1.534736
3.751550
1.685239
3.368281
-2.587100
-1.481794
7.420529
-0.758409
8.930413
-2.689053
-2.794243
-3.719917
2.300197
0.270836
2.089816
-0.212980
-2.956074
-0.313374
2.733904
0.920262
-0.850653
5.614495
-0.109879
0.065926
-0.648364
4.213039
-4.150387
2.117327
4.660184
5.857242
1.157663
-1.675991
-1.999073
1.700966
2.166984
-3.927060
8.611606
4.836088
8.016068
2.440989
5.014102
-4.854352
-2.922090
-3.211767
-0.418564
7.792741
-4.799330
2.915154
4.284245
-2.478673
-3.108196
2.065542
-4.731361
-4.831696
-4.784765
-2.862212
-0.771888
-4.807421
8.554965
8.373714
-0.997919
-1.424153
-0.701769
4.826378
5.499595
-3.486880
-1.701884
6.375101
0.575078
2.529997
0.210220
8.587331
0.835626
-0.861981
4.787539
6.972258
-0.095717
-0.895966
0.003815
5.544908
5.412207
-0.999538
5.127384
4.391053
1.937695
3.109352
1.635071
-0.289100
-1.541671
1.788811
8.639117
4.860363
-0.661434
-3.428621
2.233846
-4.582476
8.292799
-2.656687
-0.259149
-3.808924
5.091781
5.695411
3.321350
2.316380
6.536932
-2.276384
2.874697
-2.904289
6.530459
5.871807
-1.732632
8.058144
3.000925
-2.227835
6.227835
5.913883
-4.093746
-2.498093
-1.279505
6.868686
-1.991562
3.324587
5.923593
-3.040227
-3.740955
5.523901
-0.177436
-0.967171
-1.323200
-0.925095
7.836435
8.932031
-1.125766
8.491851
-1.158132
2.109236
4.279390
-3.279736
-1.760143
-4.703849
5.703502
-0.306901
-0.931569
1.514513
6.697145
2.439371
-4.228066
1.975724
-2.818518
1.620506
1.339081
4.015605
-0.382962
5.154895
1.782965
-3.475552
3.126091
1.835597
3.842446
3.826263
0.196393
6.376719
4.348977
2.640042
-3.630910
6.606519
2.326089
7.465842
-3.357415
1.994336
2.732285
7.952953
8.969252
8.812276
-1.972142
3.039764
0.128424
-2.680962
0.289950
2.219281
0.788695
8.898046
5.666281
1.702567
-3.193966
-4.545255
-3.061265
3.457288
-0.933187
-1.988325
4.680731
7.698879
-0.830322
-0.360195
3.407121
4.044735
1.332447
-2.465727
2.306670
-0.677494
6.027164
-0.200833
7.831580
-3.237660
0.447856
-0.453195
-0.747081
-1.211536
-3.694024
-0.470001
7.367125
-0.493007
4.908912
0.075614
5.870188
1.293608
6.446307
1.379093
2.881170
0.733672
2.481447
4.088429
5.328055
3.494509
2.989597
2.886025
-0.643509
3.577043
7.551096
-2.269437
1.096613
0.564497
7.051555
5.575656
0.571841
7.829962
8.982199
-3.736100
3.021963
3.025966
-0.607907
-3.015952
2.727430
4.742226
1.206219
8.435210
3.667668
0.756329
4.512426
1.202982
5.332909
5.637152
4.209802
-0.713097
2.842330
1.850306
5.145186
3.187030
3.122298
-4.990290
8.904520
-4.948214
-2.964166
0.635065
1.196509
-2.241020
-4.359149
-3.171310
5.967287
4.043129
2.319616
-0.718266
3.259854
4.487338
-3.155127
-4.372096
3.997804
7.022425
5.248757
-4.176280
0.086348
-2.101607
0.367934
0.141371
0.574712
-0.292336
7.412438
3.509074
8.645590
0.510346
-2.986822
-1.624205
3.628829
8.674720
1.054098
1.453820
4.211069
5.978615
-1.460756
1.539676
2.410242
3.504219
8.184372
5.052942
-1.371749
6.590336
-0.043116
-4.342966
4.387816
2.483066
7.346087
5.674373
6.888105
6.413941
4.784302
5.355566
1.570339
3.818171
6.226217
1.895619
3.132008
0.149462
6.294186
2.143220
3.680615
1.708372
-2.020691
1.717605
-0.180918
7.917351
3.918507
-0.394290
-1.179170
1.347225
-3.967518
0.369553
3.591608
1.301699
3.159519
7.190729
-0.572304
-1.615012
2.471737
5.609641
1.966825
7.007860
6.889724
4.442839
1.240203
-0.725008
4.036643
2.593306
5.798983
-3.168073
7.865565
-2.122645
5.083690
-2.757022
-0.826378
0.644988
1.429059
-4.754017
6.012600
-4.006358
8.297653
2.860132
2.361692
-4.763727
-1.910646
-0.085192
3.225050
4.569067
-4.974107
6.303896
0.345278
6.923708
-1.648480
4.952607
-2.188995
-0.512426
-0.080570
3.716218
5.735869
3.190267
0.640116
-0.861398
1.071899
-1.046469
2.010519
-2.747312
2.133511
-4.456248
-4.148769
8.218356
-2.889724
7.024043
7.172928
2.986455
-0.581514
4.373252
4.042989
8.101838
7.211767
3.044618
3.044619
-2.367010
0.937579
5.018957
5.218009
-0.311756
-1.418680
1.436019
