515.917 588.195
308.638 651.216
254.553 719.569
431.494 775.505
331.104 749.245
502.967 701.013
394.792 669.358
248.832 671.334
328.853 531.786
395.753 749.053
383.155 749.524
444.809 648.311
438.621 755.624
285.730 620.679
393.116 662.725
517.984 797.996
296.851 733.285
401.864 604.218
270.970 604.370
480.965 714.664
418.031 702.484
427.710 780.144
301.872 505.626
410.916 645.848
500.233 692.992
398.896 656.302
383.615 676.774
520.254 658.135
438.978 634.571
397.081 668.040
201.275 773.904
418.840 658.052
411.867 689.269
405.674 585.842
411.489 637.429
334.706 623.569
467.639 617.090
315.561 776.286
468.016 534.326
388.542 582.784
450.158 649.659
351.059 508.717
471.996 723.177
459.320 717.756
438.354 722.014
374.134 757.263
541.931 591.569
419.785 661.837
358.086 648.980
434.062 720.057
390.570 563.080
403.914 600.544
381.814 648.120
364.430 647.191
323.862 766.647
433.254 591.155
368.324 632.435
446.486 670.894
447.445 561.290
334.754 799.565
350.662 548.844
366.540 583.629
484.261 793.711
448.499 767.950
389.811 656.600
504.399 795.095
327.673 752.736
549.077 617.243
353.925 796.057
407.375 656.103
388.229 650.500
333.373 670.502
401.270 656.332
387.106 705.191
377.604 545.788
277.234 616.191
276.949 561.307
381.354 689.898
477.624 787.697
258.780 549.724
387.442 661.156
486.512 621.875
347.986 612.523
290.702 727.747
354.685 565.963
392.076 698.498
534.502 758.878
387.996 642.536
292.555 575.515
382.671 637.217
444.178 765.375
245.728 780.055
449.168 602.947
288.960 548.095
366.382 735.989
264.801 767.582
376.117 646.648
422.038 667.358
337.372 680.000
404.095 612.587
211.258 609.539
319.655 686.981
405.495 704.049
434.232 577.706
355.396 570.230
272.634 599.362
388.772 761.170
395.139 649.431
241.667 612.843
380.564 638.483
401.165 656.982
433.022 512.874
411.048 563.606
408.008 638.584
379.712 729.035
328.552 751.479
508.900 517.745
449.019 631.177
413.518 674.833
369.173 614.266
481.705 652.385
417.353 652.265
367.303 670.878
412.790 594.028
365.063 647.618
401.908 678.144
407.345 688.048
526.396 739.508
273.676 697.784
381.850 634.133
388.493 650.626
411.870 659.544
366.665 665.025
345.960 548.070
470.784 593.942
424.905 630.405
338.624 738.186
316.359 572.889
415.700 668.738
412.445 696.119
348.617 550.191
382.677 694.222
328.776 751.199
324.418 696.135
416.195 575.990
397.829 750.410
490.504 661.379
348.158 555.543
400.699 632.232
345.622 675.356
518.375 752.922
375.044 557.453
348.094 585.943
296.532 606.192
214.521 606.100
447.283 646.438
413.748 643.902
423.193 548.218
457.539 587.367
304.014 622.027
479.083 678.638
435.790 510.340
387.367 634.398
297.177 658.934
435.656 676.827
365.444 704.090
309.717 738.708
464.683 638.836
416.712 576.222
249.727 596.998
369.693 513.829
410.607 655.710
382.582 712.984
334.140 740.380
439.494 582.276
431.336 703.564
324.389 775.157
208.084 604.196
424.325 683.276
406.370 663.719
435.817 762.751
324.287 625.412
380.824 646.287
397.163 668.736
440.431 702.181
277.260 795.774
468.976 694.146
318.071 534.844
321.191 541.992
310.952 602.392
376.887 650.783
401.192 667.248
414.262 562.196
392.133 617.039
490.719 717.594
275.175 658.684
405.365 636.721
396.616 734.970
317.315 679.764
457.030 596.157
249.807 748.573
450.601 525.845
365.012 563.161
386.765 635.000
407.372 675.529
342.736 529.987
389.885 594.051
379.375 598.419
430.619 590.856
393.369 669.527
327.490 742.744
323.889 594.238
288.872 586.071
272.777 509.003
376.418 577.781
295.465 620.608
456.309 764.323
407.298 675.235
321.108 786.236
383.856 555.251
484.066 592.885
435.193 793.716
306.310 550.315
269.976 596.844
381.393 638.797
377.848 668.938
242.491 723.904
333.759 577.129
333.057 615.377
398.224 684.330
338.608 646.191
264.941 681.795
371.072 663.053
403.502 701.642
409.566 759.537
522.857 586.970
408.488 630.415
401.293 568.150
439.356 669.705
473.648 755.606
439.759 628.299
438.589 646.664
366.259 551.744
269.710 651.366
338.712 753.657
432.391 565.970
461.335 620.167
474.130 672.758
474.361 750.771
443.825 579.762
404.677 610.918
335.553 673.835
497.364 541.397
414.730 693.899
316.486 540.494
494.131 694.322
365.631 779.355
297.051 775.916
396.265 575.149
316.324 739.866
487.690 613.270
512.816 561.327
404.476 637.715
406.740 687.223
396.489 689.334
392.200 700.550
290.369 725.835
484.596 570.585
391.472 608.814
218.722 667.391
376.767 724.028
288.302 623.255
420.355 708.660
207.570 679.655
437.417 597.154
370.625 591.122
426.710 637.671
396.449 638.170
365.466 539.668
461.292 578.098
336.708 698.489
292.644 692.871
380.020 651.834
496.559 614.153
393.160 687.827
426.388 698.589
392.574 681.325
424.691 695.919
454.490 523.699
489.989 616.190
483.840 748.458
421.615 730.252
394.133 512.141
483.656 686.953
388.860 698.708
310.713 724.688
355.882 574.633
272.581 606.246
427.479 662.999
402.448 724.267
449.505 580.777
397.268 687.984
413.761 706.321
435.746 535.937
541.177 569.901
259.654 573.794
423.375 605.975
441.557 531.082
329.776 680.251
347.978 750.010
412.095 658.228
291.849 632.399
401.381 666.525
289.012 561.702
401.708 660.149
293.915 670.180
393.920 649.346
451.211 702.484
375.255 728.066
412.806 786.610
461.587 545.011
251.039 605.005
430.574 560.636
247.883 639.171
388.829 726.138
504.605 711.961
297.375 696.014
386.505 677.165
479.305 718.867
262.155 595.880
475.820 679.182
400.200 689.273
239.969 665.254
496.631 655.975
344.374 690.410
474.880 752.499
399.384 527.516
457.349 549.672
425.258 663.958
207.194 789.294
412.583 623.647
420.591 674.836
415.919 671.081
394.186 695.900
329.477 750.753
416.898 640.999
496.397 721.421
409.282 695.931
316.307 697.826
424.112 617.944
265.961 654.812
426.311 587.145
492.833 626.355
386.804 673.278
217.124 785.751
448.208 671.195
387.253 677.264
311.357 688.313
369.062 584.376
308.519 624.861
384.305 675.095
390.750 751.596
270.540 623.665
308.293 590.461
318.011 693.074
465.764 697.632
367.577 735.416
392.561 633.315
394.541 651.562
393.496 673.081
444.928 576.616
263.909 681.621
382.596 788.057
405.922 659.498
419.704 705.102
457.535 728.642
353.738 623.116
382.522 649.205
338.719 714.333
384.741 521.723
360.727 568.740
474.464 613.449
247.240 666.481
536.566 540.936
228.357 507.922
442.120 770.007
389.392 656.573
476.366 750.614
267.271 605.685
453.971 572.730
424.827 601.617
434.106 539.521
411.940 569.412
369.727 649.235
263.188 506.533
373.805 712.458
525.098 644.195
358.953 726.530
346.880 732.350
391.208 693.043
436.627 585.418
223.127 698.584
425.242 793.060
280.759 768.449
368.445 661.728
455.608 776.609
435.775 575.110
428.554 600.019
364.826 693.273
297.970 640.119
478.231 756.260
327.586 522.690
305.298 549.426
406.535 637.247
432.662 582.240
402.678 581.781
405.533 654.327
420.082 679.370
461.806 523.959
459.047 630.199
417.611 651.333
381.166 554.110
438.659 692.529
385.247 635.971
419.249 658.391
464.934 564.397
399.643 660.654
416.697 709.294
384.161 638.124
382.838 660.601
419.062 675.357
438.781 583.458
321.502 737.250
423.727 731.484
293.500 695.879
376.643 716.749
473.456 540.023
275.775 566.365
377.348 638.696
485.022 610.671
393.776 624.505
420.328 762.183
415.067 604.474
346.699 750.752
330.741 529.617
502.974 634.055
389.608 540.985
287.233 632.626
459.712 750.352
413.579 748.284
374.240 629.413
326.496 754.704
384.585 658.109
336.159 563.602
412.713 593.276
375.934 738.086
293.570 571.059
432.198 791.414
503.016 511.410
252.374 666.718
423.219 604.188
384.810 622.050
441.481 648.736
311.887 665.900
402.107 623.387
323.054 602.336
511.864 545.968
427.309 665.690
433.023 674.637
462.721 590.521
363.919 644.756
249.053 643.365
337.438 625.309
337.964 630.659
509.533 537.179
384.851 727.262
287.596 575.802
335.183 590.764
548.492 682.983
458.542 667.765
392.969 732.759
444.126 553.154
236.728 613.028
390.697 662.235
435.608 729.417
387.953 658.039
404.600 672.263
405.907 721.491
523.038 565.261
236.723 535.535
406.023 653.661
403.246 663.241
361.260 751.506
356.597 753.259
416.717 535.722
260.136 653.890
407.336 556.184
345.396 569.241
437.399 638.769
274.418 617.065
408.688 638.451
399.217 678.290
263.911 686.506
401.664 509.452
310.931 600.344
384.774 657.284
391.256 646.489
417.352 660.359
403.044 567.631
289.009 563.367
391.812 602.798
370.510 622.547
412.704 684.777
303.279 794.920
225.090 539.104
378.818 614.220
221.620 619.150
384.583 631.311
387.875 649.726
284.367 663.853
408.085 649.967
407.099 656.953
366.768 583.460
400.500 644.035
446.478 786.356
353.053 565.542
437.558 660.937
393.382 635.464
396.905 644.808
429.854 629.331
318.546 620.510
412.778 583.490
409.993 696.995
513.412 606.524
515.559 685.098
404.364 688.940
419.647 641.300
385.747 661.520
451.034 701.406
336.382 589.773
406.024 636.129
291.339 623.361
487.790 766.057
447.125 675.055
484.432 693.245
228.573 683.859
444.949 720.002
506.378 766.035
301.292 665.320
358.868 749.716
387.327 642.596
451.839 670.823
280.404 674.707
342.028 773.798
273.687 541.693
511.600 564.414
396.472 660.642
416.145 671.594
294.036 734.596
321.547 540.945
323.141 621.435
385.607 665.614
351.627 739.851
509.262 584.261
409.072 643.288
395.982 636.259
407.997 644.970
254.729 693.660
321.973 791.277
441.685 616.265
456.330 651.728
404.985 685.551
510.150 784.911
275.775 744.396
288.483 512.111
490.643 631.533
441.782 728.439
382.802 720.536
343.101 753.608
396.152 543.562
422.065 568.811
365.176 654.015
386.989 711.321
382.029 583.001
393.159 641.338
393.254 651.759
377.696 673.188
311.957 521.902
387.664 626.153
222.727 663.073
455.796 548.325
336.996 639.321
416.344 625.104
477.685 692.935
388.161 634.497
427.789 549.429
497.155 596.744
384.359 624.023
521.789 531.218
381.501 653.343
332.994 663.054
205.510 701.619
258.996 529.239
486.877 653.068
506.623 640.183
387.360 607.370
315.677 691.366
547.923 586.816
381.455 553.744
492.825 642.447
306.708 722.059
317.829 610.068
379.132 652.946
401.594 645.041
381.461 646.426
368.250 663.345
357.441 661.223
252.609 650.298
402.546 636.005
368.332 632.230
320.636 678.553
468.155 658.383
395.129 670.275
408.202 655.521
345.221 623.641
395.715 719.528
464.247 577.520
487.449 516.824
214.343 574.112
471.519 664.939
542.899 659.941
407.121 648.279
395.142 641.866
259.015 564.753
418.692 720.753
416.025 677.511
295.738 730.655
304.688 614.946
397.868 698.326
397.913 755.497
412.665 641.503
320.111 600.054
303.560 596.251
435.390 635.857
418.986 731.865
439.157 645.433
228.500 734.493
455.491 557.929
528.001 709.051
386.318 667.601
235.683 529.096
500.564 679.333
353.681 705.992
480.646 798.217
386.019 728.094
237.064 531.125
537.032 707.214
453.628 711.914
492.118 587.202
307.671 557.148
411.200 654.986
235.478 670.090
443.119 570.959
384.300 591.166
390.761 619.038
222.950 582.632
404.557 636.799
472.236 729.346
323.738 715.001
445.798 581.521
475.893 656.839
396.061 628.534
380.168 665.455
419.071 689.553
294.142 704.968
387.486 652.446
375.567 654.156
366.674 652.594
362.173 682.454
500.275 729.091
413.825 637.543
365.505 772.019
454.296 502.035
349.021 704.033
497.628 575.240
414.854 627.932
479.617 662.466
316.845 622.124
359.339 643.909
248.864 777.865
433.363 510.889
330.849 638.868
397.926 676.158
432.572 689.648
528.014 790.317
533.665 685.445
309.473 703.265
382.198 731.815
339.413 711.217
359.095 521.824
382.789 794.802
390.171 672.835
466.275 747.061
364.452 589.733
520.006 654.983
244.473 634.656
331.773 545.104
396.684 679.450
443.878 724.434
415.221 647.723
349.661 744.939
352.085 657.617
303.594 574.073
532.481 518.659
482.732 632.978
540.055 521.178
529.096 659.315
314.933 574.077
365.313 643.895
367.436 729.734
399.409 687.473
279.967 666.041
231.146 651.759
237.276 555.142
276.220 603.176
401.576 686.613
297.547 680.082
384.188 673.853
292.297 679.187
469.770 740.459
480.674 753.002
524.956 602.338
400.184 645.862
413.234 620.387
260.577 619.689
364.649 618.195
425.706 654.763
533.449 723.016
331.025 668.994
346.030 641.448
406.116 749.440
382.349 651.339
402.309 606.553
335.438 654.542
395.918 709.974
309.311 729.324
534.463 617.069
389.197 580.810
404.406 646.575
390.697 650.879
451.435 594.107
360.607 555.348
413.649 644.653
410.325 688.368
376.842 602.043
412.142 745.395
288.158 537.916
424.505 612.097
402.421 608.128
343.614 598.495
286.550 591.155
465.283 748.407
345.036 722.581
393.203 659.107
361.914 745.564
526.264 772.205
487.664 769.226
340.840 781.351
452.253 610.627
422.983 594.445
384.545 619.574
426.580 653.696
411.731 669.098
235.665 667.474
475.463 737.953
416.827 633.834
374.402 635.223
389.780 573.502
280.494 545.689
293.619 790.632
493.182 745.448
405.471 605.788
405.575 648.427
388.716 652.849
410.924 680.131
399.349 538.071
390.078 630.971
367.753 632.754
406.944 658.769
404.263 678.770
202.828 546.686
527.984 689.614
523.987 764.312
404.460 576.855
427.123 695.726
470.133 714.292
501.934 606.475
519.583 678.152
267.352 660.056
489.271 768.629
406.825 729.167
411.833 608.623
392.010 737.927
319.644 580.914
406.269 626.001
391.552 676.777
484.449 728.896
294.414 693.046
297.833 640.236
309.229 769.317
368.659 666.422
436.447 638.706
473.835 739.021
392.861 539.966
396.811 784.309
383.892 662.296
411.873 683.992
461.040 715.005
476.719 620.002
390.510 641.549
354.297 600.022
394.072 616.855
367.021 738.848
421.088 661.468
338.146 653.831
343.255 711.445
253.041 587.610
377.219 657.195
384.152 667.801
302.454 691.704
337.837 521.483
456.859 580.205
385.331 662.168
289.444 658.275
245.019 512.541
474.751 619.241
389.038 653.405
372.827 510.699
398.814 721.999
417.097 596.616
332.191 771.313
503.363 573.254
401.639 673.405
363.801 753.789
331.201 603.167
381.785 622.123
260.878 783.388
350.797 729.846
408.296 591.000
342.249 603.895
401.485 650.324
489.406 680.203
364.166 703.840
454.114 571.335
541.831 652.079
249.303 600.794
410.815 681.303
371.697 524.621
322.451 547.628
425.476 600.632
391.918 637.582
311.409 534.214
305.374 605.197
378.531 628.678
396.544 677.597
455.284 711.410
504.001 678.047
406.391 674.433
402.957 779.432
367.649 541.710
507.207 601.245
417.612 643.838
377.774 683.244
395.602 520.207
490.252 680.926
457.748 609.197
396.340 659.823
492.161 507.196
390.932 582.771
375.030 587.472
425.109 697.737
320.194 739.861
379.742 665.008
399.385 683.226
410.584 543.248
384.469 550.254
431.166 582.623
437.933 602.270
369.860 675.889
396.482 695.110
479.231 663.314
422.968 660.364
365.874 660.288
364.986 659.126
387.016 518.100
491.603 795.008
410.982 682.114
406.115 795.050
365.756 532.832
436.868 656.525
359.516 654.680
372.948 607.793
297.790 605.550
439.877 598.375
394.328 587.128
303.357 563.747
315.926 570.542
402.653 658.272
328.634 781.072
337.964 594.680
397.792 664.147
329.597 734.610
401.356 662.118
334.053 715.175
417.900 769.845
412.626 612.402
362.265 631.918
384.071 657.005
376.544 690.137
323.934 573.891
404.007 620.145
396.751 620.101
324.896 620.868
426.799 613.202
401.646 671.317
444.578 720.252
417.576 656.187
382.075 699.843
359.553 630.860
400.252 598.061
378.395 619.726
201.451 513.873
396.957 720.726
439.999 722.877
371.855 510.574
362.282 643.919
510.052 703.780
460.321 503.126
432.353 682.016
264.519 641.227
368.791 757.992
334.632 582.656
384.975 627.523
260.907 632.795
228.698 743.923
473.892 590.043
465.311 748.621
425.980 791.156
379.463 633.887
338.917 616.759
278.464 686.258
537.772 616.471
257.003 671.513
378.337 622.725
458.021 691.765
437.490 573.385
347.021 735.025
330.610 798.813
355.172 550.155
351.416 598.941
402.899 632.709
471.746 706.894
401.673 651.950
345.803 756.906
226.463 546.202
425.925 757.327
396.693 622.826
239.012 679.581
386.461 626.890
475.968 705.039
232.026 693.948
352.228 798.744
262.862 595.724
322.091 664.819
352.404 753.709
232.892 618.808
398.679 660.831
215.903 575.970
395.798 534.671
514.575 723.231
480.884 554.177
409.290 618.455
420.450 669.526
381.879 659.281
421.473 687.493
474.591 656.046
298.263 615.893
471.925 567.525
411.227 612.125
398.760 647.971
396.153 717.877
322.552 771.170
391.132 657.986
492.961 565.956
485.458 668.487
410.882 657.062
383.617 661.557
387.081 685.434
455.228 797.864
503.664 743.179
230.286 697.497
497.607 618.564
415.869 617.517
331.824 645.933
296.844 662.720
245.312 675.703
269.433 701.229
411.874 590.902
428.744 754.844
365.608 597.863
400.489 674.580
350.432 660.975
244.862 772.195
530.878 550.037
479.358 627.462
474.176 564.351
427.779 627.685
385.486 795.103
476.081 544.932
391.561 657.391
378.378 667.045
266.069 597.525
417.388 567.746
424.755 642.650
456.011 667.383
399.654 654.013
515.709 701.476
424.424 534.235
468.544 544.777
409.578 601.316
411.828 548.673
483.684 678.525
411.855 664.787
368.565 670.830
518.938 764.705
484.334 538.122
494.553 653.354
411.916 637.493
339.534 625.672
384.974 698.203
213.762 715.664
423.693 548.163
283.558 633.958
481.657 686.386
421.374 655.979
271.655 597.292
425.577 693.243
467.239 717.902
479.588 700.084
367.897 691.313
378.412 651.167
270.657 686.156
264.368 616.394
398.071 735.528
288.534 703.109
366.600 646.616
400.574 676.300
445.781 593.527
439.556 643.669
376.478 667.826
267.230 664.967
293.171 573.406
222.845 733.660
501.695 593.525
288.495 564.043
402.958 667.156
380.662 661.673
407.687 683.089
477.476 511.931
202.552 579.086
452.972 597.916
392.047 596.722
334.675 597.607
308.377 634.601
325.672 761.251
402.534 539.542
388.830 679.991
515.731 501.632
330.712 649.129
382.942 642.265
385.632 654.483
406.979 691.905
390.771 645.260
255.090 747.944
490.248 636.641
441.562 793.875
546.077 527.940
401.819 618.478
409.064 690.227
206.501 672.540
479.531 530.729
366.294 634.789
335.418 755.661
336.562 774.441
541.788 680.313
395.316 637.466
404.857 751.456
482.050 747.787
292.093 576.576
407.898 617.726
359.236 730.725
392.638 641.438
408.481 651.269
407.772 657.297
377.938 675.273
403.928 750.426
320.585 740.594
460.589 659.604
431.937 668.889
491.892 741.508
417.747 725.015
535.734 677.088
402.608 652.695
247.995 627.212
224.436 629.674
379.467 586.330
415.232 613.419
424.478 663.930
274.209 716.621
355.057 560.196
373.394 769.251
509.722 650.862
298.413 627.501
409.220 685.896
289.558 683.878
304.760 646.459
362.192 671.286
471.311 639.508
257.917 659.184
390.832 656.209
386.571 660.159
377.169 646.716
418.180 662.870
408.705 635.553
379.392 626.469
506.914 512.799
385.347 645.601
233.396 639.603
461.818 579.346
393.779 645.702
397.177 651.892
338.139 551.245
425.052 627.592
393.776 642.345
486.732 679.929
364.884 677.542
317.531 554.333
420.392 683.150
261.174 644.889
245.866 776.548
466.929 580.144
512.853 600.852
283.497 639.765
426.536 683.686
409.707 680.842
447.855 728.374
422.447 747.962
328.856 626.777
323.236 628.251
388.209 576.145
222.262 772.639
498.180 666.020
358.581 620.795
253.163 722.979
437.478 566.790
365.458 636.139
380.908 675.993
244.609 658.986
370.350 625.938
479.005 709.683
313.985 555.215
415.631 645.224
254.795 669.884
401.219 615.844
356.895 675.625
370.433 657.504
386.660 629.831
525.134 638.965
382.845 646.190
401.656 667.281
407.524 672.115
375.971 687.827
404.323 657.462
387.187 662.842
427.187 606.823
380.660 738.706
430.676 594.153
285.882 681.705
390.986 590.675
364.439 621.362
401.162 648.731
500.579 714.186
255.652 710.090
337.490 753.775
334.604 549.708
358.642 599.348
374.428 623.711
379.865 633.615
469.191 723.138
416.621 642.176
467.808 716.385
308.559 685.391
327.782 740.897
545.511 615.238
502.362 688.876
307.194 634.905
401.396 595.821
503.857 722.442
219.634 649.696
448.370 731.153
385.433 621.138
380.349 660.182
381.057 758.076
517.457 591.009
272.536 723.059
405.582 608.931
378.882 643.730
349.358 734.860
290.912 642.570
318.970 714.170
435.102 595.287
221.786 664.875
385.839 642.113
303.875 699.198
283.428 780.510
354.896 521.799
261.741 535.083
243.572 594.201
338.296 668.673
386.788 707.714
261.847 666.878
456.802 739.492
289.690 533.632
410.177 637.463
439.473 631.467
296.575 655.142
455.343 571.648
400.507 692.789
528.914 733.466
267.136 662.092
471.607 752.038
423.379 633.955
424.652 658.230
412.208 592.216
464.316 641.753
351.065 785.296
430.866 619.478
292.055 578.877
372.191 603.356
380.635 649.474
395.799 658.066
373.015 672.187
416.448 733.735
403.268 524.044
511.926 545.430
394.174 753.146
504.958 501.890
488.931 607.366
446.603 626.172
549.485 606.396
290.279 680.233
371.641 691.595
350.245 700.925
402.137 620.560
374.260 641.505
466.671 713.221
466.590 611.412
327.845 588.499
226.901 668.093
376.374 747.146
461.472 744.108
539.084 784.476
479.629 697.497
388.031 595.999
376.103 657.016
387.252 663.479
502.104 704.346
309.684 751.988
422.966 517.107
428.625 644.512
481.909 641.520
477.630 684.956
490.196 718.913
470.177 535.467
410.745 572.127
431.855 635.460
340.641 597.495
274.405 589.554
385.979 627.383
386.229 633.691
418.230 650.474
506.622 700.229
318.575 714.857
375.704 514.609
399.524 654.599
220.521 738.380
385.348 666.210
327.948 674.363
481.638 796.218
414.401 646.811
246.791 575.101
409.890 775.571
447.081 570.484
369.241 733.886
340.468 502.551
350.712 578.295
386.125 660.360
402.036 687.876
547.970 537.388
413.825 514.938
268.480 708.334
408.404 668.380
366.637 630.668
419.941 654.572
413.346 695.252
484.663 547.979
405.243 653.619
364.664 736.320
263.307 781.497
432.157 609.716
408.952 661.127
387.875 775.739
285.329 774.843
368.212 695.462
400.801 707.285
451.985 719.379
383.384 755.432
381.518 660.535
538.513 778.160
431.563 612.046
389.009 604.797
356.445 738.687
369.969 547.564
413.054 768.012
437.708 721.440
483.632 742.146
323.590 555.333
407.023 647.285
383.570 692.387
440.126 711.322
217.724 654.589
505.610 772.043
364.105 646.763
278.765 585.726
383.344 662.038
318.143 704.282
358.322 514.747
412.444 679.187
466.229 514.375
373.571 644.204
392.134 658.986
438.522 594.900
361.525 642.011
485.156 680.580
262.526 785.897
388.845 596.582
428.988 694.580
393.567 684.220
302.842 671.195
474.879 553.463
419.861 582.061
296.098 579.121
382.576 642.107
479.049 760.736
475.163 580.098
307.859 576.896
332.799 583.415
410.641 669.575
373.984 659.893
387.436 720.985
548.233 627.980
461.860 642.515
421.719 648.443
376.849 638.438
387.418 666.470
386.655 679.236
333.514 683.439
272.271 503.727
454.004 632.740
278.660 585.616
505.922 661.434
415.905 746.306
339.257 541.270
238.085 678.996
464.235 722.599
325.081 769.195
372.896 600.612
407.374 746.835
381.258 718.677
501.413 576.404
423.779 769.156
423.918 568.264
451.190 621.235
242.525 656.857
542.103 590.998
403.875 645.552
202.997 686.566
442.488 784.670
419.203 650.713
411.057 668.076
358.817 511.779
379.323 519.854
393.811 631.134
406.754 647.390
488.528 634.212
399.449 655.255
312.410 679.682
545.654 627.692
419.974 671.261
393.895 679.570
354.043 716.758
309.576 708.948
239.146 615.958
235.696 671.439
451.026 714.002
297.025 776.000
289.979 611.171
404.131 690.282
481.390 785.625
274.419 518.655
477.221 582.122
415.110 638.783
377.162 644.312
346.530 739.276
357.789 550.648
402.815 660.466
549.731 730.454
335.368 539.246
412.033 611.551
442.027 644.226
230.271 665.432
310.660 557.355
386.745 650.610
364.061 582.994
388.239 771.930
371.019 570.831
448.421 629.841
295.223 696.234
380.777 697.005
298.822 682.388
440.415 675.288
398.707 580.286
409.326 665.492
377.706 663.519
520.156 502.878
470.461 539.556
408.433 529.008
277.639 643.526
494.941 651.268
297.848 642.007
332.622 747.784
397.121 633.916
389.722 670.204
317.820 710.490
447.542 568.958
345.768 579.727
383.155 647.818
328.127 645.540
302.506 755.477
475.043 605.583
499.515 650.152
390.812 717.090
376.657 512.666
279.077 677.427
456.428 615.224
414.881 665.429
403.805 626.080
406.496 638.299
385.693 607.531
386.089 681.432
405.332 697.452
519.721 559.906
314.796 618.454
317.968 682.774
389.967 525.313
319.957 677.352
339.314 608.444
424.777 671.889
419.308 660.120
526.792 730.005
323.778 685.183
294.572 696.387
401.470 511.745
278.206 697.054
377.540 784.300
382.535 664.450
380.563 678.423
454.596 723.975
380.055 617.168
420.282 540.871
462.300 790.105
388.924 672.233
266.570 561.827
263.494 595.402
365.938 657.577
369.302 742.738
343.397 749.711
497.319 549.629
531.531 729.033
478.242 505.766
411.751 667.151
437.352 605.155
502.492 672.133
375.606 662.046
291.010 692.384
421.821 625.822
364.651 679.771
412.151 610.707
209.584 768.660
339.774 718.547
262.202 693.934
548.424 567.852
401.620 748.357
484.057 669.768
388.447 644.924
338.381 639.856
331.900 651.471
358.574 727.860
449.616 764.879
382.427 611.348
270.681 617.119
368.801 769.482
486.240 624.164
518.255 505.922
402.438 640.412
396.484 657.377
471.678 589.044
437.619 571.899
363.838 595.095
438.280 601.391
411.916 620.701
411.213 617.469
461.410 770.368
207.485 722.082
359.527 553.587
402.180 675.181
311.041 578.994
408.660 614.818
373.719 656.561
270.657 682.537
354.026 539.654
399.913 662.274
387.133 674.125
482.503 724.881
460.179 726.665
343.632 578.327
379.562 633.523
386.245 674.968
460.600 545.013
387.261 636.843
369.417 648.252
372.691 651.288
382.667 656.284
384.677 667.265
506.771 515.920
317.188 747.307
367.382 564.576
402.546 640.333
296.964 610.493
478.481 637.651
394.715 665.115
393.161 617.894
396.905 640.812
445.921 675.933
379.406 668.950
369.833 666.150
311.582 716.663
301.657 768.838
251.831 569.296
382.563 644.943
393.965 670.101
295.305 728.559
457.429 743.805
427.146 655.986
354.823 733.560
307.073 666.575
446.446 609.617
439.323 644.947
373.306 650.581
353.910 560.752
393.513 622.212
382.312 650.113
343.638 701.156
414.628 614.848
448.853 650.839
345.876 758.938
440.732 733.641
321.576 743.476
387.577 563.198
434.947 668.506
246.300 627.880
480.172 727.460
222.780 655.295
218.123 571.816
383.402 635.744
398.356 662.981
289.243 695.500
293.292 710.194
363.848 725.580
317.744 716.252
483.534 610.871
545.207 630.988
387.168 638.807
389.421 682.021
546.994 744.690
318.729 715.338
303.767 759.805
487.258 686.515
215.197 575.618
385.081 652.325
444.562 630.771
401.492 650.391
351.376 651.322
388.377 677.732
360.682 687.299
463.739 733.030
265.920 691.798
318.667 682.134
391.638 666.988
356.832 744.103
278.713 583.936
407.252 634.917
445.000 680.252
398.408 690.527
379.655 758.827
391.216 675.814
412.550 663.150
249.681 658.979
375.317 741.452
356.736 766.155
335.671 566.339
441.676 662.816
398.684 732.341
411.811 625.891
463.996 725.333
477.068 536.677
488.251 652.189
284.274 631.395
439.431 711.882
449.188 559.667
451.161 563.210
424.997 635.581
272.192 671.947
396.500 658.246
354.492 530.350
384.696 648.305
413.041 786.287
308.060 567.237
414.399 648.223
438.821 739.545
333.303 683.465
387.418 638.460
419.077 665.387
400.767 640.811
408.799 652.514
462.258 692.827
405.976 757.135
398.359 624.729
420.109 664.347
235.115 649.469
299.350 782.571
296.047 786.801
203.802 588.053
446.699 724.571
474.666 623.379
392.190 552.207
536.189 706.259
473.809 692.170
546.853 654.021
409.254 652.228
438.788 697.240
542.678 740.098
397.681 683.906
326.849 695.404
292.732 740.224
395.395 646.293
337.587 586.513
431.099 622.178
405.423 674.945
495.488 751.173
415.367 653.696
532.385 675.144
455.298 744.051
489.896 789.505
476.102 638.543
389.645 653.786
468.906 511.439
387.331 642.430
379.125 658.420
270.318 682.712
448.501 722.051
439.608 720.489
414.413 601.562
270.855 688.437
394.477 640.087
444.246 526.139
375.509 630.745
408.986 647.812
409.771 691.690
462.558 518.617
381.168 661.775
410.739 515.219
371.163 551.450
395.899 666.767
393.381 714.875
364.575 728.273
477.208 681.921
312.166 545.654
252.516 585.003
538.022 690.989
395.854 558.339
294.224 740.616
430.228 606.491
263.722 575.456
477.939 728.530
449.219 689.645
544.962 749.867
411.326 784.563
545.569 549.188
382.761 723.968
399.897 527.025
308.107 551.852
327.638 575.930
416.610 616.504
408.771 626.042
388.399 653.339
295.253 698.838
358.194 743.231
329.111 757.586
405.052 676.598
343.346 608.298
394.523 650.289
537.299 672.010
413.820 700.324
268.684 667.221
482.542 604.768
323.069 664.124
272.093 675.193
311.822 507.712
325.739 588.688
430.182 629.632
282.133 674.660
283.846 726.083
348.577 767.882
390.399 661.263
347.954 576.784
426.148 607.971
289.126 668.696
519.508 502.957
400.144 563.656
384.919 673.521
378.618 777.679
415.689 676.999
388.646 646.886
400.076 664.779
502.854 711.472
478.693 610.568
404.287 659.473
468.370 692.769
445.311 538.105
384.230 644.949
400.617 724.569
375.976 723.596
417.343 610.296
386.804 611.756
389.129 646.731
393.705 666.776
353.871 598.671
503.587 651.820
413.644 682.669
276.107 666.338
401.351 601.859
298.708 590.540
355.935 625.987
396.333 658.589
322.551 723.263
294.308 557.798
394.660 663.019
356.452 733.942
418.893 635.470
385.222 701.485
437.299 667.608
401.725 661.359
266.321 763.083
407.299 648.160
505.779 543.657
349.904 558.339
401.032 647.083
229.258 679.711
345.950 508.844
406.805 596.276
311.464 642.173
526.892 607.249
358.899 570.578
468.816 548.376
392.636 534.172
412.309 545.123
382.943 664.362
385.277 731.557
348.812 742.713
334.335 612.493
445.508 648.133
482.984 726.648
355.334 737.110
350.663 662.773
374.203 519.743
360.233 589.445
322.016 628.149
420.989 657.655
452.896 582.562
503.403 655.537
333.286 636.949
369.419 557.975
415.884 648.473
415.818 522.567
295.803 678.681
402.075 640.959
504.173 728.874
267.762 615.900
406.666 666.928
381.478 653.130
448.153 522.822
379.673 562.028
453.527 651.186
315.803 750.154
339.595 732.011
417.575 781.845
449.110 550.833
418.675 594.932
353.536 654.860
395.271 729.425
315.634 717.558
340.896 734.302
393.816 630.111
378.847 523.756
254.617 500.926
462.698 578.424
309.345 544.995
465.520 626.016
398.728 652.044
483.817 673.655
255.283 677.325
442.167 673.680
391.810 700.519
346.284 545.719
329.625 603.201
483.370 613.651
313.097 703.100
434.471 789.531
387.375 643.618
255.812 674.760
305.657 707.008
350.388 663.792
396.865 682.585
524.102 741.632
467.979 662.715
352.061 568.385
529.079 641.993
394.023 663.640
310.095 662.990
475.405 637.464
386.133 637.330
377.804 666.071
318.891 675.857
407.841 755.919
453.969 539.573
354.051 565.426
382.576 656.911
477.490 548.428
279.802 542.563
392.867 618.248
314.726 562.044
408.435 650.773
358.414 662.121
420.436 731.188
547.052 774.465
395.733 612.682
396.670 652.448
434.730 721.781
345.221 712.128
345.772 578.120
406.531 655.131
408.661 773.189
253.120 740.156
344.033 774.027
403.092 660.341
294.207 509.926
450.113 624.124
280.926 613.083
388.918 656.107
371.757 504.501
381.455 750.523
416.174 577.688
394.201 628.420
249.343 594.358
400.461 679.057
409.844 559.136
470.948 671.607
337.418 748.939
454.813 577.461
435.779 646.720
232.045 647.397
333.057 689.418
531.285 769.199
293.214 581.077
415.298 661.478
371.204 663.128
334.089 665.781
389.583 625.861
391.506 658.640
407.350 668.471
416.873 718.024
436.312 587.530
300.008 570.522
407.244 666.325
386.594 694.579
342.041 630.596
377.217 692.884
318.109 690.117
402.511 615.052
509.844 721.277
416.746 609.914
345.138 609.752
408.271 674.987
467.700 742.256
516.437 778.337
303.885 723.432
371.561 623.773
317.463 627.694
524.729 772.505
449.908 619.725
405.697 650.441
452.730 667.317
354.073 589.703
500.796 775.002
316.815 572.632
348.889 678.649
459.399 585.292
405.644 605.942
393.244 659.474
388.429 665.340
387.870 771.179
285.745 565.744
277.253 566.378
410.671 654.251
372.176 693.913
435.389 591.945
398.290 659.037
294.143 681.572
402.703 706.123
483.160 601.882
407.383 631.786
430.455 648.927
428.059 700.189
325.872 635.098
440.766 619.997
367.902 659.998
459.565 552.918
323.183 589.928
395.229 617.240
404.342 632.377
279.957 717.580
381.278 613.297
492.733 646.088
477.805 715.509
289.464 666.648
344.001 689.876
477.258 749.644
306.109 503.231
542.010 678.242
394.216 657.872
378.966 615.068
403.998 689.942
434.374 586.681
388.058 595.997
411.677 512.628
351.201 570.804
352.309 670.896
324.181 789.453
370.900 558.021
466.774 653.617
250.250 633.927
454.903 527.638
342.367 593.450
439.923 747.737
449.461 612.445
420.201 550.058
459.104 648.736
409.323 634.174
336.691 616.046
331.158 611.531
480.094 600.542
392.421 576.975
474.737 670.905
356.372 756.832
328.360 539.951
371.841 554.748
372.476 593.595
404.449 644.518
382.181 662.164
387.519 652.528
547.533 750.531
236.042 601.519
294.473 664.941
407.257 628.548
292.609 640.737
317.578 570.399
388.916 603.738
488.325 636.974
399.608 634.926
401.157 577.448
397.661 664.762
505.905 714.094
441.241 555.171
493.360 559.234
494.650 647.950
408.862 673.033
404.324 677.942
419.994 731.370
467.955 755.792
410.525 771.208
443.305 619.984
250.437 608.254
249.526 665.145
494.168 678.756
358.460 550.013
407.434 664.107
455.823 582.339
435.297 613.749
257.180 680.120
479.086 621.663
341.444 591.760
408.159 651.805
437.608 576.572
409.009 779.173
371.770 701.062
322.680 719.957
398.781 555.519
385.435 640.991
381.777 700.197
382.676 662.384
435.786 769.373
330.482 738.569
410.357 671.890
404.191 707.499
404.156 676.623
417.676 598.783
380.491 791.597
401.442 605.789
361.924 627.486
366.843 768.182
426.530 717.403
482.644 632.280
301.949 657.369
268.425 790.974
284.801 656.813
444.833 731.684
367.972 629.722
295.007 577.458
206.431 714.706
337.564 646.315
299.825 558.610
286.318 615.974
406.128 604.527
368.917 596.760
404.758 673.756
375.327 654.028
424.494 685.037
541.917 692.693
309.364 674.553
373.149 748.290
398.814 767.229
439.900 575.788
526.999 640.756
258.580 528.215
399.524 582.951
490.613 677.147
384.752 648.260
379.448 673.729
420.307 644.442
400.271 656.248
424.106 756.752
245.386 639.346
371.665 659.219
406.739 653.156
523.397 755.871
426.417 553.604
374.023 634.221
467.688 665.776
414.795 676.285
539.037 710.109
453.851 545.601
443.215 646.778
441.550 652.526
382.635 766.237
312.184 582.747
334.049 593.299
398.103 633.859
324.830 639.447
292.258 536.667
460.420 633.660
389.223 667.915
308.656 752.427
541.093 555.688
287.193 553.405
266.142 579.464
383.718 653.614
419.181 635.080
316.336 674.626
375.980 679.948
430.540 548.669
275.537 710.449
364.315 600.541
315.682 711.023
423.989 512.222
282.563 613.232
409.921 675.429
479.545 767.813
463.884 559.797
459.565 578.281
428.056 736.675
412.869 670.097
415.335 772.665
378.463 659.281
379.669 665.870
407.564 709.364
319.816 739.814
470.154 704.054
464.771 614.417
419.866 585.954
419.759 647.239
393.365 673.813
290.195 761.066
393.304 792.269
478.844 593.135
426.908 603.925
393.206 669.193
425.473 513.651
378.428 568.482
410.621 632.980
437.799 650.283
444.272 616.078
512.960 662.152
314.321 625.305
303.647 658.556
300.027 742.713
462.099 687.543
243.574 689.091
403.125 637.579
410.045 653.114
349.399 650.962
418.508 686.978
373.179 689.307
398.385 643.945
290.437 762.017
410.618 639.480
421.014 720.671
461.172 573.606
392.328 635.569
396.415 675.217
468.031 707.599
350.469 592.338
424.472 607.992
470.114 624.666
401.635 663.872
271.979 593.932
431.696 644.811
395.384 651.855
510.420 604.629
335.698 573.265
347.414 622.419
462.855 686.328
308.526 692.104
388.395 626.277
395.054 707.208
402.793 643.172
392.466 576.960
524.896 775.747
422.205 605.560
423.062 699.344
322.446 763.441
373.787 655.080
270.066 516.862
368.045 596.627
386.508 704.914
289.043 768.893
423.338 611.890
412.327 616.073
509.479 709.055
398.285 641.324
290.547 552.693
408.312 651.576
402.979 684.312
296.296 534.738
503.678 650.484
529.469 672.578
460.419 785.405
422.653 779.552
305.776 767.184
368.820 651.684
391.345 611.565
452.646 557.963
315.985 595.931
400.543 644.571
284.094 775.841
446.440 593.753
355.436 581.681
399.891 661.199
428.805 574.131
489.024 717.500
357.969 612.667
412.927 514.506
408.984 678.597
215.917 576.458
388.209 666.352
254.905 653.335
369.241 753.296
421.403 575.268
414.643 587.840
417.023 595.858
412.215 633.944
391.067 649.582
381.693 699.842
306.110 586.327
408.969 600.865
395.475 722.668
280.636 714.013
430.346 704.801
296.237 687.392
317.638 644.858
398.910 660.322
389.001 673.012
329.390 651.365
391.303 781.716
343.376 615.902
405.419 645.483
388.904 666.634
354.288 660.664
446.591 523.399
256.495 502.087
533.586 626.714
447.462 626.462
322.227 547.053
388.750 586.260
292.085 638.966
380.881 723.142
404.859 610.564
390.062 715.358
392.856 665.166
313.027 606.368
502.401 705.418
308.667 703.821
386.605 655.860
315.536 627.727
518.216 662.017
389.511 661.778
320.269 702.741
422.400 773.152
392.113 576.096
398.880 595.744
272.196 638.705
408.232 612.896
410.892 632.381
472.197 675.259
384.576 536.237
406.726 578.052
406.405 657.983
315.506 688.549
312.137 645.867
264.903 679.853
546.986 508.665
400.521 634.184
470.230 698.227
441.270 589.850
245.352 566.708
379.322 652.668
393.025 752.288
389.362 646.101
544.530 518.805
424.184 754.851
394.110 657.467
507.795 551.231
425.881 593.782
340.222 717.337
498.148 580.359
470.210 615.836
364.817 606.829
406.026 676.044
236.813 672.266
353.857 744.961
205.058 615.537
279.172 775.438
384.547 544.114
343.237 568.404
373.053 644.679
335.062 729.176
444.009 571.656
306.690 568.898
416.444 616.596
378.503 654.342
384.993 674.947
313.334 592.407
378.701 649.727
324.063 720.000
342.936 540.271
375.688 552.725
365.502 566.373
343.732 566.240
468.958 614.307
406.396 611.594
406.695 657.143
375.784 649.138
458.792 674.462
370.289 653.766
466.043 778.431
375.202 647.688
392.420 724.435
277.065 721.313
352.661 750.705
360.353 538.297
385.304 735.526
297.066 785.575
441.861 669.692
461.073 692.980
425.262 644.817
417.641 667.530
425.365 687.457
401.613 561.831
382.424 635.202
403.854 662.027
427.009 604.065
403.970 715.802
454.968 500.774
450.197 563.815
397.887 565.141
513.342 644.140
360.733 629.635
354.347 651.669
270.378 729.989
213.344 715.382
268.441 622.843
448.239 719.092
374.674 503.990
432.304 541.635
272.582 594.680
497.161 565.541
542.562 581.676
536.459 634.974
491.816 670.760
516.813 585.267
307.080 577.955
467.128 717.271
375.394 654.804
463.438 687.836
358.961 758.078
412.677 664.063
340.170 649.087
271.594 781.792
525.741 539.916
389.963 664.403
375.798 552.884
449.068 651.224
354.927 582.866
429.585 676.416
370.730 558.062
313.760 561.143
419.790 650.358
263.874 607.865
436.618 532.353
423.957 651.283
393.638 728.341
270.053 530.312
276.225 630.846
406.937 639.701
415.093 654.558
385.793 660.218
497.128 723.965
308.824 700.056
407.865 756.050
387.305 682.779
375.909 793.762
384.225 640.977
486.505 675.055
452.878 798.242
435.811 754.418
458.810 550.847
341.076 580.842
496.485 682.425
226.774 621.835
362.374 677.092
386.199 646.326
380.397 659.178
304.895 640.208
286.628 688.905
332.440 535.715
475.077 681.367
245.954 662.145
361.525 761.426
382.760 567.800
418.007 588.971
389.947 621.294
432.164 644.037
268.269 783.153
412.218 628.536
347.187 627.180
375.666 661.493
371.191 788.010
435.727 595.627
323.539 574.242
366.403 709.412
395.752 765.803
408.951 703.877
466.340 645.249
388.461 638.056
385.626 662.169
461.353 714.141
393.137 635.676
379.370 654.512
253.119 796.325
229.256 554.143
484.779 682.930
336.918 748.797
406.770 692.010
323.953 687.529
404.436 619.310
378.215 621.741
373.963 657.911
366.111 629.371
336.426 719.104
230.967 565.260
388.864 625.996
344.099 658.629
394.144 659.419
406.778 599.394
255.992 678.956
392.831 649.043
464.750 556.412
495.163 635.675
403.757 621.409
312.591 685.156
363.730 702.194
543.445 592.299
399.833 622.001
294.376 595.311
402.858 670.400
357.587 658.197
402.265 609.598
403.737 686.934
335.172 566.803
451.410 602.882
510.548 561.707
393.666 549.344
402.473 572.706
366.161 683.676
326.876 595.023
397.162 617.660
296.010 678.192
414.562 717.028
269.095 711.608
286.628 559.558
264.744 588.491
240.545 580.137
414.448 678.809
293.595 617.245
505.898 559.602
411.265 599.475
499.713 634.699
304.465 587.527
414.821 552.040
374.767 640.093
412.628 656.364
259.000 623.898
421.024 749.233
353.404 607.661
386.240 648.442
410.517 672.171
327.854 732.985
333.723 542.228
395.212 677.647
395.059 681.759
420.600 697.544
456.097 757.810
503.581 559.481
345.774 613.093
336.058 646.625
335.916 522.729
292.504 733.466
356.710 542.877
480.905 595.624
454.014 609.583
326.661 579.609
346.133 745.345
310.207 755.433
486.376 608.121
331.459 663.456
268.412 680.348
422.351 648.317
396.024 692.579
249.635 699.642
374.733 744.548
525.941 771.990
314.414 503.139
458.902 631.658
362.720 648.212
373.164 777.014
398.830 635.725
323.518 637.599
446.006 720.192
326.434 624.792
469.028 556.192
379.843 534.263
455.739 731.056
388.612 740.519
455.844 559.436
416.654 598.712
384.191 671.317
477.201 616.269
229.444 518.697
387.839 592.047
392.902 669.118
225.637 702.184
200.921 755.227
381.747 637.539
456.474 748.772
393.310 794.728
465.552 535.168
410.333 614.628
390.372 676.341
414.834 678.280
390.009 534.796
380.310 632.767
477.211 735.885
435.616 728.914
355.871 552.776
493.333 623.122
372.260 632.396
454.210 589.822
415.744 622.219
374.167 629.751
372.417 686.360
407.372 644.622
385.267 659.980
405.464 572.372
395.029 579.712
388.978 690.181
470.666 737.978
243.173 688.060
352.801 732.599
341.407 571.296
405.163 652.300
406.991 674.659
495.642 644.509
415.513 652.248
378.704 646.677
440.517 734.388
467.087 617.477
365.502 698.993
452.088 665.125
441.058 753.351
312.251 609.722
368.397 641.734
400.639 659.479
303.540 700.704
399.269 652.904
387.724 664.076
207.610 647.763
422.856 747.099
390.782 649.502
342.111 594.841
339.967 652.411
487.625 593.856
399.368 683.397
436.588 723.383
338.579 717.577
370.948 583.728
386.866 747.388
214.680 575.625
519.558 553.749
362.570 577.657
362.789 799.077
455.264 679.713
456.424 524.283
432.519 613.942
396.733 626.338
406.402 639.559
396.437 666.782
411.600 675.375
511.632 533.319
393.703 638.240
338.841 654.556
435.438 538.522
340.634 725.915
439.836 697.938
347.090 554.564
381.726 624.971
330.414 755.454
503.208 620.179
296.512 641.821
375.815 669.175
449.595 567.261
388.412 631.467
491.524 766.591
243.229 749.039
376.425 617.752
432.830 688.292
412.592 656.564
478.848 728.945
421.751 587.744
406.913 635.366
391.968 778.797
357.770 522.689
282.775 652.482
386.900 773.352
515.417 740.499
384.359 712.556
359.297 748.873
392.717 639.370
443.512 743.603
222.721 676.157
394.313 655.900
320.765 766.368
306.723 558.764
391.388 650.039
462.269 695.712
444.878 546.394
496.661 643.641
239.134 640.024
279.436 662.204
403.573 647.859
404.854 652.629
244.206 527.961
243.087 603.498
381.005 661.505
378.430 724.145
312.032 792.017
238.731 616.960
508.301 725.946
330.767 783.135
431.681 644.554
382.646 648.918
367.731 646.635
405.689 673.325
294.358 694.026
215.435 649.435
245.360 664.423
447.988 631.816
376.658 734.622
384.251 660.243
284.779 535.893
326.633 581.390
525.315 657.476
346.037 774.433
321.725 652.286
271.639 645.950
374.652 647.243
420.434 638.103
388.258 638.045
321.926 619.683
204.878 520.333
400.590 644.086
297.930 776.177
507.688 717.281
392.594 611.182
495.869 611.543
466.124 793.026
535.416 534.096
229.953 602.721
417.375 676.246
369.365 698.577
362.386 697.575
467.396 768.820
471.303 563.977
333.151 668.026
399.105 667.905
381.587 662.616
414.510 681.599
542.384 529.129
332.334 601.760
285.091 603.531
459.536 630.928
485.122 788.376
413.014 669.183
379.824 683.378
333.011 680.078
460.012 552.319
416.502 648.716
388.988 646.904
525.986 699.754
374.545 770.815
472.654 710.474
417.417 792.314
417.713 546.410
469.209 612.395
468.415 640.222
451.088 728.687
372.645 596.946
492.016 672.390
413.401 782.418
383.936 653.608
400.690 641.206
397.110 646.394
427.899 755.166
452.573 654.614
430.829 624.701
398.845 645.485
258.283 632.434
406.055 692.281
344.098 744.827
409.943 782.792
406.940 659.644
378.245 646.448
338.328 769.872
387.982 687.027
535.078 745.638
247.823 676.172
507.798 527.002
474.990 582.881
481.339 743.744
398.730 720.622
379.973 565.833
369.338 624.038
402.539 642.062
452.972 665.126
278.386 669.144
491.879 605.170
461.611 781.304
252.898 665.532
403.203 565.338
200.779 511.334
485.060 745.165
285.719 777.274
369.704 708.657
244.379 674.405
382.947 621.754
370.110 648.137
401.837 692.750
246.179 688.794
316.265 762.292
267.236 629.779
330.515 658.678
311.598 569.265
321.058 601.130
255.970 628.121
245.988 694.828
401.574 551.514
394.904 646.213
380.612 659.700
361.214 589.928
484.875 654.153
438.509 699.073
322.888 531.482
400.051 616.403
353.113 609.951
361.954 729.969
394.480 599.514
439.728 722.906
415.058 729.201
405.249 540.594
386.672 669.223
413.602 680.217
401.410 686.317
314.287 732.543
386.125 653.023
394.169 696.944
488.975 559.711
374.129 726.699
317.703 530.724
465.216 727.671
271.003 673.990
356.966 710.101
542.818 634.730
384.087 784.725
399.775 673.191
255.588 712.082
320.858 626.495
494.961 588.378
423.906 586.306
458.354 635.871
314.292 781.839
460.949 709.672
429.974 605.261
416.695 604.496
384.929 664.067
274.737 510.503
402.691 667.433
426.016 634.246
504.620 771.549
437.209 685.604
370.269 591.890
504.491 651.926
377.355 635.532
424.604 737.684
306.361 623.251
369.987 668.878
392.255 681.625
363.529 744.930
545.268 742.196
299.461 759.918
214.885 750.771
210.912 518.033
340.362 749.336
288.321 664.643
464.940 736.040
413.042 679.481
383.511 738.395
475.500 586.677
399.222 659.982
508.513 674.418
289.633 613.648
390.776 658.814
496.068 708.480
321.831 657.527
338.818 578.483
372.874 658.071
428.643 752.322
545.256 537.131
341.898 579.512
452.332 700.142
283.660 662.247
469.747 630.569
307.860 748.464
416.670 639.066
292.851 650.662
226.551 561.751
424.962 659.393
237.641 604.689
282.037 563.757
350.739 642.044
475.502 549.797
471.848 609.006
407.586 691.020
485.541 684.831
413.217 634.656
353.211 728.419
210.537 573.533
400.160 597.889
546.057 753.831
446.672 736.260
328.002 726.498
446.281 766.284
350.847 577.362
340.640 702.202
258.822 672.192
505.162 597.747
388.398 660.252
405.155 717.113
314.747 728.086
303.350 589.720
400.382 625.454
389.087 642.936
532.583 632.977
323.552 691.363
368.180 520.472
303.671 596.179
302.608 728.887
547.581 580.182
379.646 632.922
473.727 674.981
390.964 655.975
427.173 710.211
235.777 671.908
395.198 603.191
454.498 635.080
360.677 607.646
409.055 666.479
359.216 793.239
402.216 682.125
303.540 665.696
361.309 738.707
398.680 619.686
376.242 650.537
406.266 675.944
325.346 711.517
329.734 540.223
511.497 733.669
218.774 661.580
308.881 762.752
415.095 660.715
310.023 601.905
443.672 703.340
372.690 555.720
379.178 648.031
359.182 684.791
398.202 558.879
481.062 588.304
352.873 561.213
384.653 662.997
366.951 539.999
498.233 757.137
251.838 569.634
391.330 611.464
338.286 626.090
448.085 698.728
448.499 733.144
459.846 772.834
409.809 613.638
343.952 719.086
434.380 569.832
430.823 639.460
428.333 542.002
295.082 514.470
415.906 674.509
497.289 676.235
337.661 635.791
506.771 634.182
257.540 609.105
395.061 664.908
479.584 517.997
491.611 558.927
362.646 564.639
422.528 587.346
386.823 649.652
395.060 714.414
460.954 728.320
384.769 708.119
398.123 664.896
373.051 668.996
360.854 671.665
388.788 641.213
309.644 575.264
402.488 641.905
520.914 578.648
382.437 626.490
366.536 631.193
344.614 635.175
386.861 650.647
265.554 685.838
368.262 719.790
354.869 577.455
488.440 601.720
366.825 538.912
397.867 653.992
398.270 656.188
207.114 767.597
388.749 643.821
335.886 647.068
256.746 647.826
337.055 554.686
441.869 736.609
350.358 771.731
436.203 619.957
420.868 654.963
340.990 669.015
379.044 706.125
416.142 742.955
395.312 582.846
324.378 655.633
204.290 569.304
368.652 657.902
394.204 705.905
368.855 710.962
396.053 657.291
526.682 508.123
340.860 722.945
274.067 560.563
523.444 653.239
422.694 681.972
303.300 717.720
413.537 674.849
476.546 658.667
522.367 740.658
397.731 637.450
256.071 660.452
406.187 715.787
444.960 779.088
443.559 633.936
340.891 733.813
377.710 549.983
522.405 581.596
405.181 656.436
421.139 576.690
306.129 611.645
411.598 670.549
283.260 647.565
417.896 595.291
453.587 766.489
508.498 513.019
291.739 727.105
270.851 785.109
421.349 678.147
503.921 780.239
365.269 635.467
349.151 576.429
398.953 655.427
372.956 755.903
367.730 656.052
412.131 657.204
357.977 675.661
352.574 601.000
424.774 606.206
375.979 774.518
223.137 577.754
326.087 684.766
390.118 588.819
401.875 662.926
312.560 709.549
441.292 583.735
424.682 594.466
352.520 524.159
286.465 504.841
300.205 597.195
389.887 631.738
386.805 649.542
377.299 664.429
437.722 595.131
401.115 523.812
363.518 570.667
490.011 610.780
379.927 610.801
332.237 761.050
460.729 661.087
380.142 681.165
315.344 750.194
441.202 551.786
427.168 603.802
273.730 592.181
511.216 728.816
435.291 623.890
331.288 610.100
383.328 641.948
363.867 716.276
369.803 738.797
385.226 785.916
305.807 538.663
389.125 659.680
404.632 598.405
438.157 589.246
415.450 653.273
479.611 736.472
402.316 720.100
491.615 740.742
415.229 771.401
413.479 539.899
241.998 590.552
378.884 702.295
298.269 659.372
384.925 697.188
477.235 786.263
398.731 640.351
329.068 633.486
401.293 693.369
415.999 608.998
408.876 644.328
417.531 671.801
406.593 632.971
405.131 586.469
412.397 618.732
539.800 705.881
375.148 689.938
417.117 706.370
419.148 694.153
514.394 741.758
392.974 653.941
344.840 673.117
314.610 689.957
387.652 742.498
417.620 605.493
311.628 749.082
292.604 594.583
544.889 713.061
379.509 742.631
283.349 719.700
364.815 753.921
541.375 662.854
390.690 681.135
467.666 566.886
467.587 539.263
347.433 523.867
398.075 632.211
446.196 572.176
272.933 657.638
435.112 562.463
259.771 619.259
384.699 707.762
399.070 631.711
226.332 602.732
433.252 730.807
344.490 775.510
536.884 608.065
549.731 613.902
545.040 622.922
298.212 682.709
321.723 726.998
294.537 582.683
316.000 694.962
466.958 779.649
384.370 597.334
512.566 656.656
397.446 648.964
363.510 644.234
498.354 514.087
370.183 655.351
336.246 754.543
421.875 503.953
402.085 625.994
311.563 596.148
278.498 613.496
262.215 680.439
221.301 674.707
329.830 596.031
414.953 674.971
334.050 774.973
417.918 655.937
481.762 715.143
399.590 577.629
272.804 785.800
328.149 609.363
453.853 641.604
436.563 651.097
520.807 740.741
409.461 535.493
384.359 650.783
404.676 625.400
418.672 652.357
415.178 605.487
410.918 609.437
540.905 666.165
277.746 735.721
363.157 639.972
498.548 747.991
380.223 565.530
327.456 579.195
393.069 675.291
482.474 710.795
368.215 669.924
365.037 677.308
385.713 643.734
412.364 655.687
387.876 650.602
345.773 702.719
416.562 586.109
330.785 706.512
296.359 537.315
408.662 633.557
393.977 620.668
401.894 661.436
393.779 551.836
481.327 676.172
399.159 680.198
469.351 644.462
380.013 626.644
420.440 651.980
200.204 602.109
370.754 751.762
421.024 587.597
406.999 671.831
398.938 579.964
476.501 667.084
375.924 652.215
295.352 631.621
492.805 726.629
504.456 581.276
384.711 704.217
393.825 695.307
239.676 584.662
299.660 687.238
409.491 647.589
388.358 644.461
384.098 648.411
310.720 715.282
501.985 512.346
396.753 739.302
441.872 600.709
483.401 693.918
475.270 581.363
320.317 675.300
394.709 698.099
529.843 650.279
387.831 656.547
363.935 791.877
437.207 574.293
417.256 668.226
352.972 685.797
460.968 523.041
549.389 669.457
360.411 676.537
423.021 588.816
391.745 603.571
268.510 605.978
367.439 582.969
475.167 659.166
365.199 630.119
375.270 645.535
366.291 665.772
370.225 709.531
424.496 765.936
453.464 780.645
408.199 620.863
397.576 631.354
444.235 562.978
268.557 531.341
404.889 645.002
435.925 760.083
380.898 756.458
210.119 768.855
301.097 769.568
415.489 568.213
392.082 670.488
382.959 727.056
315.900 754.205
456.357 670.627
242.159 685.917
458.500 534.137
383.914 594.424
404.189 660.631
361.701 527.721
384.304 628.903
339.722 650.158
415.043 680.504
356.877 709.216
399.229 767.330
441.844 552.295
397.327 591.238
390.779 689.090
340.731 707.706
477.170 545.038
390.699 696.522
546.148 654.761
409.214 686.529
389.059 630.930
435.987 709.089
363.604 697.270
343.520 755.827
414.136 634.200
386.843 645.962
389.782 664.489
507.764 744.725
437.772 785.568
385.021 767.140
408.928 645.405
395.143 510.634
389.658 651.407
402.897 674.152
321.911 563.334
378.527 615.228
362.196 728.924
406.636 765.978
269.853 511.012
387.422 660.755
427.793 700.622
359.795 791.930
509.643 680.076
391.124 666.196
336.002 652.151
522.931 713.062
384.117 672.460
372.451 598.542
454.083 660.870
483.531 727.681
389.866 646.398
333.022 756.557
396.099 553.806
389.408 584.066
216.845 631.282
394.885 722.847
510.322 504.301
543.011 786.400
267.676 715.218
429.637 572.648
354.976 686.952
540.956 640.747
362.997 735.229
541.043 526.694
449.271 743.040
288.698 506.102
444.618 652.513
404.305 649.247
346.598 665.623
385.194 511.889
339.550 594.150
404.906 651.718
452.812 690.671
297.880 745.120
499.946 529.072
403.637 646.400
425.244 741.336
417.341 647.844
414.191 647.962
548.717 699.780
400.923 679.415
368.001 764.355
408.316 669.333
338.691 687.420
378.889 770.884
393.876 663.281
402.693 718.861
528.682 500.339
209.990 625.372
466.383 634.141
405.716 671.477
404.022 684.492
408.349 698.228
211.433 671.808
430.760 778.569
355.726 779.484
411.887 604.985
418.148 683.721
375.979 718.152
416.263 779.818
511.996 554.524
386.335 615.461
397.095 664.335
320.951 669.084
303.423 704.487
482.117 637.475
228.898 687.080
512.989 623.169
329.526 626.962
395.188 676.305
401.411 730.087
454.021 714.584
349.890 562.850
408.794 624.766
367.678 669.898
510.205 740.686
398.177 652.108
405.654 665.726
432.203 529.387
433.256 644.014
275.223 651.831
283.322 681.219
379.432 655.592
414.633 756.302
403.734 569.447
406.731 677.366
405.659 706.151
335.441 566.418
390.181 642.705
381.949 658.319
324.032 693.340
535.122 647.304
445.638 769.743
389.124 647.455
259.224 720.969
322.078 745.925
389.229 576.738
321.231 564.125
430.260 657.330
414.091 695.209
446.867 709.236
453.281 663.633
534.183 658.532
383.708 658.169
267.577 664.731
419.269 662.646
339.412 653.105
396.393 641.012
396.624 686.806
447.008 579.177
466.142 519.897
419.941 604.076
454.281 601.945
374.544 579.663
493.140 643.448
402.576 658.531
342.334 555.965
459.178 647.297
421.737 697.662
442.243 705.738
327.467 500.968
263.763 684.986
395.876 661.914
506.619 575.118
367.604 585.384
393.336 622.009
398.249 730.487
541.288 743.588
341.360 585.638
432.526 625.813
380.821 682.398
299.380 714.010
318.220 727.835
454.283 770.751
330.827 592.611
438.000 670.724
369.227 551.104
378.923 526.191
364.993 557.874
398.255 641.695
479.401 692.786
421.138 711.078
336.026 561.778
279.996 604.626
362.046 629.665
399.991 536.154
296.008 586.802
531.299 674.330
415.279 651.826
459.844 743.159
321.240 516.922
275.577 534.744
369.795 564.380
405.521 657.261
421.336 674.358
527.447 709.552
266.626 742.380
509.011 602.638
452.977 645.487
451.688 622.530
399.906 629.209
266.124 771.941
336.160 581.740
420.883 658.483
320.164 679.946
481.887 599.711
495.663 613.094
520.715 752.407
412.645 627.059
408.978 654.046
388.290 657.348
251.081 697.234
269.039 760.683
406.018 622.290
433.148 686.345
539.077 732.919
424.026 657.968
415.648 733.461
336.985 597.423
392.184 661.374
330.015 732.563
337.831 645.742
321.489 727.218
428.940 551.066
370.688 627.783
456.453 570.247
519.473 664.548
341.879 632.345
296.914 715.840
354.592 535.577
537.261 600.440
378.505 582.063
400.513 660.209
414.260 653.071
419.449 656.667
389.992 661.561
385.560 609.598
412.900 655.009
373.621 650.794
382.485 659.623
466.021 690.294
542.777 522.836
387.770 663.526
385.424 668.036
270.456 581.708
384.068 623.255
399.949 658.039
467.054 524.159
369.882 651.626
248.361 598.703
296.877 553.894
450.322 701.665
448.214 784.188
329.201 636.379
478.111 685.134
418.546 686.417
448.538 719.093
408.308 664.968
311.424 662.854
444.564 751.684
396.331 567.385
320.157 579.398
543.919 742.543
323.073 540.951
400.210 665.362
500.324 628.344
345.484 575.537
482.520 787.099
404.641 557.746
423.623 639.165
493.305 710.472
390.689 691.886
242.454 669.508
440.863 733.784
351.067 728.301
526.524 660.323
371.053 677.199
268.458 723.051
277.460 545.010
498.530 695.936
379.391 666.281
339.835 663.024
323.225 555.419
316.289 718.831
458.920 588.224
321.237 608.227
464.787 675.314
330.061 541.485
235.824 551.332
379.083 608.827
467.136 674.077
499.395 756.262
328.962 580.851
204.250 573.612
377.490 631.564
439.140 691.168
463.365 757.651
439.032 776.626
430.103 530.922
520.676 518.186
412.825 678.904
462.803 552.294
274.192 536.615
275.216 554.582
275.289 708.410
414.718 764.787
434.419 527.422
463.199 703.279
397.125 586.371
322.397 579.061
337.220 641.698
278.076 709.614
535.823 797.557
393.618 757.049
311.998 693.741
203.927 567.593
367.689 633.166
226.161 691.530
483.191 745.980
251.247 679.165
257.115 684.000
340.896 720.980
418.723 774.925
302.539 619.328
396.202 650.884
374.076 705.728
503.157 555.505
431.638 669.690
336.583 746.846
434.571 568.792
418.131 639.850
519.806 722.596
299.248 752.645
349.691 520.049
206.188 696.311
414.590 653.326
302.899 589.475
385.966 616.892
251.962 642.125
406.289 563.617
301.326 653.466
283.964 685.719
523.233 770.265
331.692 768.271
407.071 716.439
508.318 526.729
350.413 569.916
383.227 650.185
385.266 653.899
240.454 677.008
290.929 757.246
400.576 531.527
408.105 634.539
317.837 713.097
346.038 748.367
413.907 670.499
445.877 522.881
485.779 542.867
522.704 521.381
509.617 615.062
457.097 565.305
421.699 653.600
450.365 606.823
393.772 646.268
423.110 511.282
304.444 637.655
467.940 736.409
343.623 735.374
359.378 767.003
308.577 543.129
353.528 635.263
529.136 753.149
451.168 767.753
411.148 570.957
431.056 659.923
418.260 594.762
310.830 582.042
405.630 668.842
384.329 563.577
335.178 597.004
412.126 727.460
288.094 566.330
236.696 614.688
470.811 720.592
461.102 548.174
414.597 672.793
300.475 690.330
296.932 720.471
415.176 767.535
493.936 526.467
413.908 576.845
400.799 636.406
390.057 651.970
363.221 574.328
404.277 647.655
425.711 663.279
348.807 720.803
372.277 541.490
385.119 651.253
320.922 647.022
349.143 630.138
266.031 596.230
367.417 647.714
497.398 777.992
410.746 645.348
307.717 696.269
438.023 578.352
370.078 655.127
317.217 531.355
442.165 580.377
340.958 623.238
409.115 673.078
388.147 661.503
376.639 697.628
379.080 703.539
460.612 603.439
272.457 679.342
386.412 610.623
336.730 742.623
540.794 717.906
267.524 666.811
401.565 682.879
373.731 760.994
407.442 679.079
461.374 750.978
203.573 748.300
519.138 639.851
385.231 634.695
382.773 523.540
355.013 651.563
378.991 546.012
445.777 655.967
528.633 698.613
358.304 698.667
484.055 752.085
434.922 576.395
456.138 714.589
209.211 521.329
417.442 594.718
295.930 576.837
437.648 643.240
498.746 710.689
411.919 769.085
505.796 607.839
402.559 709.623
376.229 753.883
386.971 687.094
326.458 720.312
399.059 745.711
357.436 546.985
406.800 631.058
360.133 727.567
536.485 555.467
303.476 581.874
443.260 546.651
443.493 624.666
467.068 686.645
463.807 589.803
416.475 613.369
373.490 611.187
318.789 577.138
400.299 668.537
400.145 672.649
390.418 673.961
515.557 600.117
319.833 684.197
324.331 671.672
452.741 744.576
447.501 787.731
366.435 748.085
406.961 600.633
406.384 642.035
390.914 641.667
412.815 677.174
384.875 633.392
269.328 630.442
462.679 726.171
484.668 739.879
231.266 599.855
461.628 650.312
409.173 687.969
352.420 672.105
243.414 643.331
403.207 679.393
346.385 678.039
459.354 743.308
392.284 648.500
329.249 729.825
397.197 634.953
397.416 648.528
362.719 696.575
491.264 618.504
211.851 779.938
510.189 560.374
384.004 784.313
358.946 569.857
395.740 647.135
507.962 754.434
283.611 621.996
419.668 621.960
450.310 663.142
506.157 563.722
395.970 657.239
210.674 669.539
440.444 701.118
451.068 589.544
344.039 579.017
354.702 753.614
473.463 645.480
323.114 648.261
483.657 693.564
378.915 693.060
420.203 708.257
358.185 775.331
401.431 626.518
538.426 559.194
493.687 720.706
343.923 668.262
484.597 756.184
301.637 525.295
381.087 652.464
466.259 684.657
378.683 671.507
326.486 747.690
387.114 646.707
523.988 759.217
394.205 562.897
316.140 671.006
502.570 559.604
399.517 650.013
378.303 647.964
385.968 650.917
396.294 704.861
297.212 727.836
218.493 795.217
324.041 510.861
393.115 630.838
397.391 691.326
428.166 614.800
386.039 682.160
328.970 712.647
478.076 654.195
410.450 651.040
382.937 649.226
375.323 704.158
368.345 703.156
496.083 668.530
270.315 732.024
271.939 595.027
453.581 778.073
414.716 662.440
372.521 662.246
448.173 578.104
542.425 736.626
458.452 694.156
388.173 703.734
406.795 662.240
437.408 572.225
420.600 567.068
384.867 668.856
288.666 776.493
287.824 576.496
210.903 673.505
394.526 607.466
460.824 737.023
522.047 648.456
478.508 653.185
467.833 686.436
497.406 768.658
313.965 560.998
359.820 640.674
384.131 637.246
429.067 664.941
288.418 673.679
357.930 639.809
380.884 686.016
261.136 672.807
283.419 507.717
314.886 753.869
433.182 598.042
413.964 678.679
373.649 728.201
479.881 649.938
382.790 621.402
396.996 629.715
284.598 626.972
477.567 758.131
309.368 740.101
394.812 629.823
383.515 647.303
395.937 677.745
388.015 656.594
405.093 665.747
414.148 695.416
347.356 630.041
394.207 591.677
524.471 530.937
548.048 667.584
414.709 661.834
417.303 663.632
257.268 796.601
424.699 632.463
409.602 641.556
487.497 713.189
240.589 690.841
414.685 582.693
306.287 703.694
350.711 516.037
227.429 565.193
432.796 669.957
393.578 676.049
466.121 545.480
371.658 645.677
299.592 657.851
219.907 692.736
375.882 542.967
388.352 643.266
350.794 722.692
314.944 717.401
305.240 619.933
418.824 668.749
485.484 556.186
419.465 561.816
377.837 666.036
502.747 512.315
412.810 749.922
407.130 652.650
448.216 718.710
452.890 589.186
448.231 727.084
410.327 644.274
472.312 688.388
454.915 759.164
215.834 653.922
200.199 512.138
386.901 799.543
390.904 589.803
511.540 793.452
423.190 648.110
387.836 655.435
542.024 669.464
507.724 545.193
412.237 725.159
478.951 785.205
415.883 681.601
370.399 689.170
517.114 531.633
350.365 526.507
412.004 657.816
264.800 628.266
434.435 517.965
394.406 592.586
309.033 611.261
280.916 658.116
213.169 755.728
474.028 623.261
270.379 602.142
399.882 697.266
403.227 665.110
391.461 662.708
280.729 758.139
375.874 663.453
364.987 715.348
511.189 548.337
396.954 731.086
268.973 757.039
310.137 741.151
411.376 664.947
397.696 661.984
422.989 671.461
398.099 664.180
276.407 657.680
335.059 713.289
405.923 645.953
393.172 650.536
397.958 609.445
272.490 569.784
411.192 671.672
218.334 796.078
376.427 592.670
257.356 788.547
405.259 651.173
380.368 651.338
216.671 707.375
243.484 579.296
437.273 502.132
414.993 665.014
284.809 659.149
396.562 789.527
203.397 603.327
357.860 554.357
420.960 576.403
407.518 651.455
383.307 645.412
455.853 685.339
376.002 692.119
245.227 663.218
487.366 748.598
252.633 748.716
425.671 653.027
272.119 670.465
298.904 717.790
248.551 744.629
456.984 562.689
414.774 676.092
234.266 689.801
418.670 723.157
403.167 693.897
381.869 573.550
486.686 623.956
368.582 608.366
420.994 649.678
268.697 626.954
277.149 705.289
443.053 590.916
391.645 607.056
405.027 650.462
385.545 660.353
446.650 527.823
324.102 563.687
516.351 663.570
469.077 672.605
381.099 657.263
408.756 579.356
500.981 766.378
340.220 737.018
371.877 763.946
305.207 599.192
288.142 564.311
404.540 628.497
418.622 633.656
392.399 720.556
447.959 567.699
472.672 617.838
404.815 672.815
502.669 592.577
273.903 607.034
413.430 673.829
356.975 545.399
451.710 772.991
353.561 540.891
370.972 687.650
358.277 553.656
299.325 642.415
274.611 529.487
475.483 664.109
409.428 644.787
519.671 776.803
357.310 701.571
386.466 635.573
373.590 637.003
415.559 653.437
402.983 609.548
255.625 584.111
404.542 665.085
374.460 520.465
273.569 585.525
448.176 648.346
410.665 572.197
418.274 621.189
442.176 739.381
410.593 762.358
323.210 770.051
309.769 553.394
228.312 655.313
341.222 735.108
343.053 648.689
390.126 648.487
405.174 686.145
355.921 560.823
483.913 671.011
420.804 702.434
348.884 594.403
471.275 686.649
366.008 680.798
374.884 554.703
354.234 582.958
383.159 585.530
396.237 528.368
430.202 603.052
389.398 672.178
528.978 640.554
540.987 753.191
393.623 589.893
361.265 601.213
413.101 683.928
337.600 566.488
395.954 662.542
469.149 710.975
259.392 515.875
414.127 648.437
379.229 747.349
534.043 598.624
404.790 632.523
368.756 638.610
263.434 647.291
470.476 778.528
398.871 601.042
452.429 597.321
403.518 604.837
354.024 621.536
452.081 657.798
457.488 678.726
464.052 749.238
407.759 615.669
444.563 725.165
464.397 764.224
440.785 611.119
397.187 625.386
443.693 577.985
396.182 749.074
352.432 767.452
548.973 510.349
222.464 533.314
361.346 623.826
515.088 731.159
257.864 524.237
392.775 583.744
375.236 586.927
316.074 590.405
402.041 600.268
425.156 674.582
292.278 760.417
505.804 605.985
393.680 602.285
270.188 566.159
354.595 755.052
330.335 600.671
342.979 657.372
398.195 681.839
541.625 540.166
379.331 532.438
386.329 734.023
422.466 672.167
451.381 545.809
403.202 643.957
375.229 654.480
417.599 673.111
417.262 669.137
483.737 642.607
370.710 728.016
518.230 665.459
409.037 648.065
440.200 578.423
403.750 654.020
387.732 618.438
377.209 647.577
298.424 652.851
391.634 627.392
498.094 711.541
268.846 689.160
289.126 787.584
349.734 623.727
485.030 687.211
473.827 620.790
376.801 607.994
383.430 696.193
383.814 668.502
451.513 721.565
405.350 726.766
287.325 693.275
404.644 566.739
400.134 631.160
392.724 635.228
419.102 553.832
413.717 633.320
402.733 674.796
363.587 705.952
370.159 578.208
384.695 674.956
464.914 597.815
382.646 633.263
371.955 738.219
391.405 512.383
373.531 667.203
287.165 509.216
330.171 608.057
377.949 643.859
529.758 749.803
539.837 628.270
395.024 683.595
342.283 710.157
439.542 556.101
381.365 688.736
377.090 764.390
263.021 587.762
390.195 661.343
383.531 684.335
490.127 630.666
284.849 564.550
399.345 692.621
392.136 641.797
406.307 653.351
385.772 652.540
239.753 669.056
342.781 754.280
273.623 792.242
375.532 580.058
479.959 677.446
487.047 753.308
379.309 748.807
222.325 537.726
518.594 629.730
291.280 704.565
290.812 569.592
543.091 688.089
402.305 661.449
293.768 709.767
354.547 564.501
314.144 635.822
375.842 784.819
386.490 615.523
398.760 662.762
486.099 508.756
400.568 667.688
250.807 661.286
287.543 624.303
321.313 647.715
476.865 712.970
243.699 621.982
389.733 669.903
314.183 615.582
384.409 652.756
356.109 500.030
361.656 584.795
396.076 673.850
479.054 617.100
448.792 617.601
334.785 606.072
452.044 660.123
404.982 650.512
534.312 552.218
366.698 557.226
285.877 635.429
397.325 670.113
398.144 738.944
424.239 502.399
365.667 528.914
386.984 573.604
359.932 695.598
464.296 611.792
272.162 586.761
404.533 696.157
545.747 657.508
383.074 659.802
373.823 713.215
347.669 713.877
329.525 601.542
422.794 799.267
522.224 739.992
442.424 639.750
396.576 668.946
211.608 633.538
435.027 551.263
529.139 642.192
407.451 679.351
403.841 691.805
267.751 571.757
502.500 536.481
397.654 629.484
465.112 708.458
431.177 625.743
422.413 654.118
332.916 664.142
389.222 724.263
512.437 569.049
389.250 660.843
392.772 670.188
371.002 670.054
332.872 686.959
435.204 546.429
409.694 659.522
399.706 726.230
509.098 611.608
423.186 592.711
436.808 618.429
375.979 627.655
519.860 561.222
391.111 639.957
377.452 548.490
242.614 576.596
391.069 669.910
313.960 560.962
531.631 705.703
317.245 732.360
296.835 734.703
385.285 552.602
454.040 752.509
406.914 619.033
287.371 691.104
255.950 742.188
381.953 648.968
323.093 748.144
387.344 661.606
391.020 666.838
313.669 664.994
421.021 575.638
381.003 584.718
426.005 630.100
410.974 656.880
407.965 682.922
299.835 708.447
349.162 767.565
451.667 619.644
248.050 596.296
398.441 650.684
326.737 587.926
379.239 743.584
391.493 639.729
362.811 564.603
319.977 662.233
461.016 727.396
344.669 509.852
473.003 636.771
374.857 659.520
447.249 703.561
290.140 627.172
388.680 650.542
410.321 751.445
366.890 669.873
352.205 668.398
220.892 705.847
362.511 761.827
357.424 755.890
379.439 541.800
454.851 686.494
542.005 736.933
427.028 576.185
396.973 661.966
397.516 731.755
525.121 581.445
380.874 667.078
345.396 671.249
471.856 718.637
463.782 785.905
295.110 754.737
390.836 626.579
489.843 657.620
443.153 657.472
447.110 797.890
332.672 595.823
522.624 653.469
446.285 637.373
375.460 681.088
364.835 679.848
507.304 551.850
541.436 713.569
364.268 606.375
441.197 645.507
385.345 676.974
354.401 780.160
320.351 590.493
392.895 630.420
444.901 617.238
430.587 670.211
379.773 657.122
504.960 516.760
397.925 610.164
428.079 670.948
417.156 749.502
457.635 564.576
366.354 553.464
368.924 698.672
489.364 745.337
500.191 641.099
518.235 682.752
398.980 682.162
487.024 715.192
390.643 651.270
370.643 688.029
404.461 644.529
408.203 667.448
509.593 718.932
527.359 761.543
487.421 682.019
398.308 650.405
373.666 649.432
374.391 583.834
405.071 649.968
379.585 651.039
377.670 650.479
257.758 713.087
407.031 528.827
461.983 722.617
214.049 575.970
287.143 717.904
344.097 576.157
470.553 678.258
399.074 671.512
391.544 680.398
256.135 645.982
526.406 563.607
406.246 652.131
466.658 552.035
392.323 641.894
437.880 685.359
381.285 634.217
372.984 655.692
274.178 606.764
385.308 721.374
293.760 743.436
409.844 544.267
405.103 600.040
432.691 651.760
370.366 727.060
470.073 753.536
378.957 652.798
364.841 608.862
415.319 643.029
404.300 659.551
378.854 654.186
244.528 623.203
363.020 676.573
453.263 741.426
392.733 649.644
337.980 748.982
283.979 763.321
476.686 629.165
308.613 600.462
394.339 630.737
376.833 762.796
373.019 654.296
357.374 697.525
379.438 761.137
419.250 677.866
498.286 566.634
348.177 543.508
455.770 584.335
365.322 570.348
396.154 632.370
315.781 637.610
392.600 738.027
219.984 695.840
469.806 776.202
284.033 736.402
305.342 748.872
540.014 681.063
467.944 693.236
452.728 552.355
275.088 566.902
265.954 591.251
245.065 645.415
335.890 701.085
412.169 663.919
397.627 671.097
493.900 504.010
340.541 574.507
356.102 624.530
433.988 527.515
400.236 647.550
324.883 728.390
280.295 548.760
402.969 652.199
344.023 539.869
390.685 683.427
476.073 664.499
370.060 639.721
273.751 757.038
431.427 660.478
226.058 659.634
385.387 661.266
528.532 747.832
400.998 729.227
544.493 538.185
487.850 635.406
396.643 674.197
380.508 628.714
433.271 718.976
349.615 591.368
464.748 663.504
431.644 737.752
365.090 540.375
248.007 549.562
386.054 642.951
532.794 788.769
414.600 554.411
399.386 592.570
427.316 661.019
383.405 651.290
367.920 722.625
439.297 568.689
349.889 637.105
325.285 661.084
255.966 652.014
409.751 661.464
519.536 701.897
409.716 772.653
468.384 626.436
409.974 681.056
274.793 692.429
468.192 632.209
375.100 663.173
394.162 541.590
484.675 709.412
310.803 537.748
322.825 578.678
408.652 651.594
438.658 748.710
474.585 687.127
379.551 684.081
312.184 631.972
474.003 704.259
311.651 730.544
404.043 682.612
350.580 743.767
436.465 657.560
332.310 647.873
301.832 770.938
404.682 604.416
378.973 664.447
283.355 711.296
332.707 779.604
438.444 531.852
251.136 533.174
339.196 559.775
287.357 580.982
498.261 738.300
416.475 673.549
492.694 718.713
269.602 732.422
329.822 771.866
373.781 640.168
448.349 621.355
426.107 642.813
436.673 670.847
489.895 748.775
282.289 596.530
450.604 721.642
538.736 591.516
402.320 637.860
522.189 520.134
392.715 676.599
377.146 635.642
345.321 684.529
387.938 709.469
352.846 750.045
302.483 571.076
448.459 633.532
350.880 622.650
399.756 631.740
382.773 633.007
379.323 673.568
474.175 783.422
326.117 796.219
392.913 589.211
459.536 671.061
398.334 670.822
401.042 534.341
470.449 638.830
375.398 612.059
393.930 634.109
470.213 548.351
372.902 640.436
452.345 554.511
471.380 621.398
420.643 606.553
401.245 557.300
396.348 617.184
440.881 642.685
469.973 660.551
441.791 526.603
425.625 596.702
408.495 634.300
340.622 624.834
351.502 676.863
392.850 672.415
502.356 708.666
315.420 719.442
490.705 568.109
471.653 572.928
434.602 593.267
544.666 632.744
414.483 659.090
436.165 681.023
236.436 639.213
355.635 686.560
381.359 639.097
491.574 674.462
380.373 646.083
363.965 640.316
367.465 689.146
449.346 790.009
411.012 763.240
327.698 500.927
381.459 648.643
426.970 771.081
338.695 615.415
419.363 677.469
402.952 553.221
334.377 582.003
341.202 587.118
346.112 727.815
351.578 730.453
321.449 766.325
414.356 637.669
343.801 648.203
547.437 741.041
229.740 651.204
387.854 655.939
379.697 660.843
393.741 777.191
342.603 690.669
312.043 731.612
247.744 550.747
425.412 665.086
323.878 786.069
446.434 544.592
430.522 653.219
436.208 669.432
389.395 666.128
396.998 606.242
405.094 635.633
460.478 720.429
403.100 634.110
546.320 635.608
276.315 771.734
441.568 580.058
327.905 585.256
490.251 662.894
381.557 658.113
459.046 727.552
487.158 722.400
346.488 643.931
395.098 676.861
427.346 726.827
452.585 713.623
383.870 516.047
429.097 607.225
369.070 756.983
410.114 598.874
506.517 732.046
457.145 751.896
427.074 614.401
425.043 563.019
369.481 657.965
362.108 686.986
454.688 715.113
470.398 713.626
433.443 567.919
316.074 575.151
388.339 616.040
376.310 679.034
397.329 637.630
388.636 656.070
383.141 660.698
390.492 671.163
391.683 612.440
355.599 503.342
515.296 617.836
307.954 662.321
305.853 582.936
396.386 711.271
352.823 613.574
400.816 644.543
324.690 591.347
362.761 606.050
474.604 639.028
453.710 693.194
437.852 755.067
218.849 582.134
439.325 576.470
374.238 531.752
280.292 605.076
396.505 680.647
390.083 544.997
458.287 642.897
240.506 663.360
396.033 667.542
531.117 749.674
464.649 634.951
333.666 656.906
489.652 616.612
410.304 668.225
358.989 694.782
480.159 538.266
406.328 681.912
291.307 684.633
378.062 535.768
330.116 575.783
413.526 603.303
388.936 691.722
267.700 611.942
289.783 636.071
468.910 580.681
402.380 645.398
370.701 643.687
444.940 670.603
325.298 750.263
477.550 651.656
294.902 651.221
483.075 672.223
365.396 584.076
231.480 723.646
524.979 743.313
381.644 532.362
420.287 592.514
531.988 633.507
402.391 650.673
444.702 683.838
397.123 636.964
471.516 659.768
368.151 629.843
381.598 690.937
311.212 761.796
319.801 585.793
384.751 641.169
414.523 660.272
343.748 614.916
383.801 630.791
462.583 628.220
305.745 610.395
465.841 702.962
335.269 501.908
383.734 571.169
324.505 556.959
380.445 639.838
322.732 581.719
422.650 692.014
289.821 731.095
229.665 778.216
448.375 522.403
442.901 623.691
417.250 669.189
319.296 613.839
427.267 696.352
396.815 641.018
367.109 639.602
403.830 666.973
384.408 609.620
416.437 625.543
362.776 656.611
351.106 664.628
353.533 742.243
391.490 637.310
387.135 635.330
290.012 656.115
361.074 623.169
399.059 642.597
420.127 680.978
208.663 777.411
425.891 537.814
306.432 588.087
431.532 633.000
419.540 571.740
425.042 599.332
361.244 551.926
539.973 703.254
517.713 722.724
519.444 657.095
352.870 608.362
278.032 534.876
397.913 609.745
463.020 576.108
415.673 671.380
338.768 515.195
400.453 599.755
389.616 593.063
477.076 635.279
338.024 620.580
421.118 584.158
289.362 594.458
324.294 760.564
470.223 677.858
317.442 706.947
323.027 664.243
285.664 660.587
449.581 722.054
385.144 550.068
398.452 679.713
469.385 622.873
409.579 626.509
325.958 617.634
373.246 673.039
507.632 529.788
399.799 651.017
449.119 677.917
367.594 658.223
475.442 737.581
337.825 775.262
377.882 517.057
253.583 556.870
320.688 586.894
317.678 654.604
308.523 718.438
271.658 727.397
215.712 541.997
350.633 732.160
476.787 638.419
408.422 711.157
435.459 555.035
516.782 625.593
413.208 606.725
226.272 665.517
428.604 741.339
485.080 533.675
418.902 647.344
416.805 658.162
394.173 668.169
293.694 663.716
358.491 723.203
397.746 592.710
470.883 655.677
367.311 636.809
330.328 674.834
498.453 508.090
338.735 593.356
415.380 737.372
497.210 700.167
254.001 779.704
434.369 617.519
479.854 747.224
454.061 562.143
385.836 639.876
267.447 629.144
331.932 569.268
430.608 648.020
396.716 700.460
384.520 703.128
358.256 533.560
305.700 528.578
228.971 782.568
482.784 771.831
304.020 605.432
398.062 678.671
359.676 672.890
475.797 513.814
422.503 658.273
410.277 668.207
282.951 679.042
336.318 720.636
479.119 716.874
358.629 571.612
462.180 629.965
392.925 657.511
364.922 675.301
406.306 700.918
388.302 539.009
385.418 600.724
410.478 668.333
277.475 751.013
392.649 656.054
403.954 670.793
290.282 627.293
320.836 690.273
505.068 636.343
400.946 651.610
527.131 540.163
302.009 614.607
405.368 652.121
304.309 521.929
363.802 606.886
406.946 637.176
377.483 745.992
395.807 634.104
505.139 719.093
342.867 699.873
363.015 762.926
490.954 549.052
544.953 638.639
414.215 666.905
344.387 559.493
496.206 634.047
526.972 678.383
238.964 661.675
340.969 728.931
375.972 577.141
526.893 636.882
400.542 666.655
357.185 655.009
302.175 715.820
302.486 500.897
396.514 645.843
418.789 690.812
262.079 676.142
318.292 565.834
396.404 651.042
448.501 668.362
385.939 649.121
508.695 698.545
277.071 506.158
514.967 659.936
238.323 643.435
357.446 620.175
416.229 711.161
468.653 570.734
286.254 576.611
443.441 643.383
389.745 649.498
383.818 659.196
387.216 665.387
291.175 749.526
358.989 503.563
401.857 670.957
516.538 787.650
454.939 597.233
394.892 650.337
441.438 687.944
438.758 558.321
410.988 654.125
392.368 653.874
257.983 637.421
251.496 503.680
460.940 615.879
341.563 748.274
462.761 577.964
409.079 648.519
475.745 712.808
318.573 710.472
420.676 681.135
280.453 624.539
480.143 534.327
418.012 662.689
410.880 665.799
497.411 700.469
485.402 520.307
415.154 720.065
290.248 621.137
246.595 786.074
351.714 649.489
485.591 632.505
274.657 618.599
349.946 656.215
384.043 689.055
258.969 740.796
307.921 790.453
518.477 601.642
395.333 614.461
381.719 629.185
378.372 712.386
415.535 645.260
469.720 666.223
385.850 651.039
465.013 746.948
478.956 659.487
412.266 696.095
465.798 701.299
443.197 607.344
404.210 666.608
507.323 697.815
452.952 559.208
304.841 754.906
383.569 640.583
422.205 668.515
482.055 698.496
280.906 668.745
366.667 723.974
359.104 732.154
413.188 577.473
442.015 613.857
328.328 683.347
272.653 545.410
500.849 693.235
395.792 668.734
353.108 571.956
273.296 603.686
391.805 531.218
402.518 659.065
418.113 601.101
508.373 572.252
346.726 728.657
358.956 506.560
307.649 565.339
448.446 656.416
285.877 517.016
429.961 675.568
308.943 586.992
380.214 738.791
430.572 703.272
420.326 731.453
273.636 778.948
452.822 607.715
388.784 631.590
367.212 633.403
378.086 653.212
237.490 615.196
380.513 730.827
317.186 748.673
418.081 535.842
402.420 650.777
395.229 668.419
425.569 661.168
422.032 723.528
276.793 628.833
324.688 770.500
384.243 542.438
231.246 557.955
357.937 683.356
249.582 663.087
479.202 668.725
210.248 647.196
394.769 759.380
397.622 637.388
348.719 677.122
383.927 706.129
398.411 713.485
454.064 763.784
383.318 583.856
509.290 650.850
420.544 656.064
364.004 654.073
310.046 725.583
394.007 757.169
322.620 520.484
513.351 622.014
387.153 645.370
350.899 774.023
483.092 717.834
315.295 701.995
323.012 738.299
219.767 775.640
484.043 654.191
377.146 679.036
359.709 724.858
374.912 645.884
419.706 565.134
440.604 599.071
375.639 615.399
417.222 638.745
378.410 790.553
352.276 535.252
354.695 580.648
433.478 771.020
387.148 667.805
518.780 591.755
349.408 592.089
353.625 667.110
329.210 711.930
354.048 765.963
334.829 622.929
386.311 656.698
400.239 665.969
496.226 709.299
361.151 548.623
412.407 672.742
315.720 644.454
213.024 783.802
445.426 591.363
329.175 626.983
408.360 683.407
371.266 662.845
336.095 658.790
339.434 679.513
332.819 736.523
345.798 595.205
360.260 642.046
415.513 691.468
513.094 654.234
402.724 759.126
309.782 569.525
434.553 662.150
392.903 685.932
392.874 693.199
342.884 570.142
375.724 643.145
325.923 668.066
367.766 681.348
312.014 556.628
301.740 728.217
512.094 520.197
346.637 772.139
435.821 763.531
381.935 748.803
360.125 573.405
347.540 774.457
395.942 578.916
445.376 712.896
531.045 555.713
398.255 636.050
484.468 605.867
286.218 569.688
444.486 639.898
220.451 581.624
428.546 755.789
387.463 713.241
410.203 601.118
395.762 650.935
388.784 649.933
426.534 727.491
369.044 757.437
415.867 673.115
419.360 689.726
365.977 719.833
384.068 634.441
421.776 654.827
469.210 673.902
422.571 586.103
482.144 617.044
328.887 594.028
414.589 663.792
366.314 751.515
499.891 651.041
356.380 631.306
394.834 733.712
294.830 781.355
414.488 517.744
243.617 532.903
458.859 638.124
347.408 739.579
436.731 533.604
382.101 504.460
367.656 690.422
397.937 786.580
543.420 558.194
373.037 604.996
463.078 597.816
376.567 659.803
475.181 561.169
406.156 655.003
376.420 660.853
389.875 576.935
422.116 594.683
397.516 650.881
378.165 696.143
400.750 765.107
370.376 532.406
328.755 701.061
395.933 647.668
426.797 734.645
482.704 602.123
405.197 604.388
378.311 650.563
514.775 695.689
377.141 668.928
331.737 757.489
423.269 577.227
524.319 644.208
445.317 690.432
229.511 696.914
405.869 675.454
349.326 618.896
413.902 664.812
377.851 631.162
292.561 764.172
388.312 745.160
449.025 692.830
327.557 732.113
413.353 636.469
253.003 641.512
318.374 602.203
485.629 684.125
549.126 726.608
458.952 639.721
319.336 730.854
400.092 674.218
216.938 532.070
404.979 653.605
401.434 683.746
476.605 750.431
469.692 767.115
426.135 627.150
402.486 651.409
509.402 712.603
347.437 529.922
387.278 564.444
380.690 669.562
428.591 708.520
292.469 501.183
383.839 658.866
481.970 592.832
387.364 654.343
407.378 682.024
309.195 555.410
432.131 593.459
442.125 695.115
409.275 726.034
310.104 591.902
302.590 689.473
504.987 514.691
401.533 635.119
450.834 733.727
453.785 620.089
384.417 708.916
524.419 584.526
311.981 636.688
391.128 668.161
223.890 650.403
379.009 667.599
384.972 682.854
480.042 599.334
364.527 640.240
369.337 660.216
379.421 662.000
319.906 752.668
418.150 582.740
463.392 602.213
283.310 610.839
383.831 672.469
296.512 697.843
280.304 710.767
453.320 798.685
365.849 606.630
437.518 760.627
382.013 580.044
451.317 641.894
394.996 653.475
370.580 698.294
419.678 640.843
213.870 612.841
399.511 785.636
486.498 504.368
399.325 661.778
466.565 591.959
484.867 704.361
521.216 722.271
372.314 705.723
267.001 578.002
385.711 644.954
287.951 645.448
353.025 608.346
367.465 574.088
396.108 668.729
392.500 761.191
314.751 727.107
342.462 589.758
391.444 632.150
505.275 687.282
370.821 653.137
454.915 665.239
430.667 559.546
432.158 620.314
471.665 750.427
468.640 783.902
478.878 578.081
211.983 520.779
364.173 531.077
392.299 652.587
380.534 650.184
292.383 678.433
339.095 694.267
389.025 693.415
469.340 729.442
311.160 773.574
352.471 546.618
341.736 594.401
391.303 627.610
327.413 615.153
397.197 646.023
390.415 698.081
284.523 780.375
396.998 662.607
502.119 704.795
306.004 682.751
358.939 729.416
404.245 601.397
355.371 633.865
315.612 681.470
330.636 758.612
493.695 609.899
383.261 598.445
392.900 618.933
287.262 603.616
454.580 500.865
481.561 601.255
372.910 653.649
488.705 571.184
414.027 653.264
416.622 655.062
387.740 654.033
325.034 687.650
310.807 718.822
399.499 760.359
376.713 668.576
424.038 748.934
339.401 529.951
328.133 540.165
366.813 625.268
406.407 653.479
389.381 642.339
448.841 723.354
330.808 601.648
387.467 710.717
395.371 645.624
426.812 795.120
481.607 632.528
361.022 622.194
520.786 730.248
391.461 714.239
410.002 680.273
380.943 791.284
372.330 571.671
428.052 640.975
461.223 666.268
397.054 654.770
387.613 687.343
402.623 700.048
290.666 724.452
398.939 588.935
393.568 596.717
284.627 585.632
293.338 598.573
386.971 637.396
493.481 674.791
399.548 676.410
292.231 585.937
271.590 646.409
443.247 639.636
390.422 715.856
369.289 603.898
541.491 683.373
406.917 678.301
399.524 746.806
351.667 765.021
391.165 782.812
424.547 565.149
395.085 673.967
260.537 605.690
213.873 574.634
384.394 627.635
498.345 629.992
320.695 612.318
259.607 606.111
367.329 682.312
391.597 571.233
460.790 534.562
374.801 569.686
378.042 683.912
321.627 685.076
323.252 758.297
428.497 589.806
491.345 623.780
359.425 605.975
472.741 687.969
427.726 714.292
507.655 511.399
292.416 580.424
416.998 652.203
318.251 659.689
238.184 652.894
239.274 688.546
322.785 758.703
335.825 553.885
393.218 753.582
374.331 658.923
357.066 765.071
342.907 575.202
486.843 737.862
398.161 652.215
262.571 694.953
363.716 772.347
530.196 557.319
410.351 669.838
355.531 691.479
381.310 678.597
370.328 720.072
367.042 624.878
378.816 659.499
382.833 561.444
516.150 606.678
468.180 655.658
377.761 634.404
277.665 671.634
454.607 620.805
380.112 795.430
440.090 565.137
424.599 604.255
390.124 665.879
291.101 674.323
441.463 735.977
370.360 698.892
414.078 791.702
378.734 638.223
353.604 656.854
439.229 666.600
261.169 718.435
421.962 651.470
380.433 662.185
287.298 579.141
340.157 583.475
404.612 626.232
382.536 609.691
399.125 638.447
388.070 580.417
312.221 656.242
375.042 665.627
294.149 693.925
389.207 752.910
414.066 592.214
273.025 630.978
234.809 669.681
312.722 701.827
336.041 725.276
515.373 769.752
295.135 719.872
448.923 780.451
208.692 767.328
504.643 577.712
402.665 639.336
419.714 655.756
548.560 723.586
420.015 704.974
216.084 652.591
311.754 695.127
298.678 557.453
476.887 709.354
373.062 576.417
419.568 666.403
401.110 694.259
354.767 610.395
410.798 682.164
436.286 644.211
349.847 723.887
323.213 675.891
453.356 760.730
310.325 749.024
443.618 589.795
271.404 685.950
309.571 682.941
349.223 509.906
390.851 645.756
406.666 662.853
483.288 666.874
415.332 685.757
397.524 722.118
374.340 611.771
287.330 628.927
438.155 548.665
359.651 629.627
413.385 648.464
442.361 695.393
530.327 782.443
449.490 562.666
437.989 631.011
484.919 579.620
401.437 638.340
345.432 673.919
373.890 747.717
483.437 548.282
526.694 653.433
474.895 756.070
427.232 690.494
524.414 619.466
385.374 773.132
381.356 528.027
404.554 533.005
446.270 647.057
485.076 735.314
383.028 667.297
223.511 510.770
335.943 562.625
407.604 652.180
321.874 725.828
412.684 687.251
398.896 633.570
406.467 657.609
399.430 671.139
376.019 773.411
425.007 771.438
441.098 589.308
309.085 561.082
520.310 742.389
456.901 583.802
318.534 706.487
429.211 558.682
413.721 664.586
456.538 742.586
316.255 594.698
325.860 726.375
408.733 654.202
441.450 724.051
380.468 737.387
402.379 624.604
403.345 657.103
407.298 661.378
523.688 695.685
470.334 718.529
329.415 760.441
289.603 570.346
260.581 706.310
315.336 743.115
237.155 744.143
319.150 721.601
349.170 747.012
421.033 785.704
425.994 659.565
471.543 737.595
485.208 606.766
448.274 598.039
209.397 587.394
356.916 777.085
509.045 766.821
474.371 729.094
339.457 707.291
346.122 528.656
424.198 588.911
407.588 599.641
458.247 545.018
389.321 661.000
462.333 720.812
320.734 695.142
396.741 758.949
544.762 526.034
443.528 748.160
433.188 765.920
285.532 780.917
380.663 598.016
361.850 782.918
483.239 577.501
275.050 561.285
415.923 675.446
521.155 684.906
375.535 632.250
377.391 647.343
381.103 677.529
419.491 699.152
411.435 582.003
475.145 741.983
436.831 770.265
411.506 676.765
383.422 662.638
286.510 724.700
359.330 600.669
363.415 640.317
402.738 701.706
394.749 566.469
375.281 640.799
547.402 774.296
482.567 613.079
457.990 629.793
397.504 655.747
447.475 691.152
271.441 672.157
347.419 723.592
378.376 607.979
389.900 636.293
290.130 625.810
331.117 577.628
341.742 591.129
335.793 506.331
374.670 644.496
438.795 734.967
397.727 658.647
270.867 603.931
310.299 740.178
371.828 662.647
464.335 675.240
321.952 672.035
424.993 734.389
263.744 637.339
333.669 714.956
357.616 786.396
239.014 501.291
408.477 647.522
405.050 648.598
374.108 784.002
436.163 701.365
527.021 749.773
442.688 746.923
369.081 518.575
541.904 613.826
460.404 723.010
416.338 717.392
441.878 733.179
451.537 609.241
401.551 645.542
404.060 657.700
381.771 684.436
477.721 726.020
477.752 714.566
273.292 656.823
356.561 752.895
297.333 738.683
370.574 632.281
497.757 738.084
360.801 636.709
363.847 730.095
492.646 560.936
243.497 754.092
396.196 552.380
466.825 591.751
385.614 596.052
390.538 665.046
359.923 644.540
519.968 783.862
309.464 764.879
497.342 621.235
334.369 756.377
388.067 656.674
243.736 627.956
351.747 767.640
335.185 687.752
455.471 677.121
446.418 697.264
472.390 707.981
449.830 617.105
393.976 648.571
347.083 699.285
310.428 689.600
428.327 544.143
352.933 600.031
407.199 656.440
310.460 674.903
289.253 593.783
402.002 645.478
418.721 709.608
434.907 736.169
465.411 684.653
404.048 584.465
452.914 655.923
383.556 640.827
343.350 629.063
282.043 546.548
429.854 663.582
408.888 667.841
374.557 692.987
384.039 581.272
315.369 599.635
487.237 726.826
369.023 589.961
374.648 642.330
405.566 682.554
359.199 738.618
493.107 595.743
321.419 593.321
399.376 682.642
268.820 667.307
373.279 633.251
342.616 631.555
452.283 701.054
443.638 705.800
279.326 674.354
393.414 517.302
364.366 556.611
351.920 689.114
479.770 624.418
436.333 591.724
466.600 759.588
409.399 545.177
406.951 643.192
401.754 579.115
439.133 647.211
364.404 639.897
410.757 655.537
298.198 628.611
417.156 673.558
377.819 683.874
461.327 668.561
465.565 683.125
493.504 658.829
378.426 662.311
493.466 670.809
537.854 732.642
361.665 579.526
302.809 574.778
374.497 657.068
241.479 675.309
417.035 553.903
387.314 624.193
355.051 645.932
505.729 731.587
456.444 641.027
372.792 639.417
428.798 739.983
354.173 775.308
378.198 791.126
321.350 565.361
406.433 619.353
402.180 655.522
407.411 600.404
400.060 726.083
460.016 646.456
412.954 636.845
348.200 634.529
464.074 636.970
365.392 580.734
414.251 619.970
303.522 555.091
397.389 671.929
312.147 725.973
308.355 749.806
509.371 526.652
356.259 739.599
403.458 663.760
386.753 664.069
462.110 719.372
433.965 689.741
432.227 781.726
405.984 561.761
401.257 681.973
361.183 705.583
403.415 622.012
399.593 653.111
374.425 646.788
374.827 648.984
384.577 744.330
452.828 639.256
444.001 556.348
357.281 636.984
363.910 725.181
298.894 553.080
520.524 734.317
365.674 766.957
453.120 645.709
291.703 711.763
340.239 578.027
395.624 662.822
455.694 706.377
394.479 686.074
519.164 579.791
364.431 674.492
310.904 740.933
478.966 710.770
389.838 758.199
439.457 731.898
521.393 748.271
455.784 788.314
412.550 799.263
370.472 623.466
383.597 628.345
390.081 752.874
279.920 722.389
411.175 636.699
379.344 653.369
526.049 774.232
405.338 611.734
401.729 624.189
241.620 603.332
234.170 686.369
423.779 759.507
374.801 664.808
460.779 526.685
383.985 659.071
435.790 580.089
283.723 584.771
263.965 595.618
392.921 634.383
307.635 631.257
284.304 679.511
430.288 774.182
420.858 675.472
324.771 514.011
515.615 690.396
381.627 676.140
330.150 790.687
251.391 627.003
407.125 681.965
286.725 660.251
478.442 754.792
476.801 604.299
487.379 683.963
361.878 735.241
203.067 699.171
402.229 608.533
277.051 617.639
346.555 732.544
371.021 777.114
372.857 650.566
387.129 676.565
418.231 705.410
355.377 527.361
385.699 648.472
396.485 690.081
389.028 527.465
541.332 686.341
350.365 642.944
297.283 632.611
385.084 691.554
337.389 737.876
393.708 627.263
381.424 651.730
255.816 665.905
474.042 551.019
412.986 650.596
399.153 651.745
398.700 696.301
373.989 643.056
396.351 666.226
387.552 675.083
484.679 730.520
423.476 566.844
479.294 646.569
386.947 696.457
334.785 666.357
342.583 736.189
455.003 600.466
330.953 764.521
486.916 621.769
360.632 666.926
425.445 790.852
460.309 583.378
409.864 632.016
287.704 605.631
438.007 681.820
498.997 700.703
304.308 698.824
497.547 567.033
310.443 653.635
355.837 668.994
274.368 610.679
419.189 653.416
376.856 659.737
315.407 653.191
264.249 675.636
359.810 779.459
416.390 614.019
444.006 658.472
401.958 696.055
521.233 529.223
392.894 642.373
368.240 681.798
383.498 700.811
265.769 627.755
537.890 713.604
278.065 668.603
452.108 730.955
417.368 675.884
354.707 688.515
406.352 568.342
381.199 626.457
391.094 685.472
524.475 605.778
389.171 646.217
344.713 506.259
427.685 642.774
320.469 719.288
464.030 596.911
419.102 601.435
333.822 630.526
387.262 722.027
258.597 575.094
436.046 675.856
476.750 700.236
360.034 583.776
393.357 604.957
331.075 737.427
416.867 556.542
310.680 575.361
369.681 679.920
399.583 734.396
456.381 732.799
276.033 588.394
422.038 643.582
416.412 691.701
389.025 571.127
382.872 653.319
440.654 686.853
433.677 757.440
404.521 664.594
264.641 652.767
543.345 640.661
237.229 564.610
453.815 738.140
316.631 770.748
547.737 568.069
327.747 556.650
425.084 593.442
391.453 716.628
449.570 734.672
242.635 566.994
473.377 659.447
519.825 685.509
390.991 649.892
476.778 675.978
202.035 501.987
359.523 696.679
485.613 641.001
509.765 521.127
287.450 613.950
321.935 580.400
394.716 730.563
499.936 546.185
395.556 659.066
517.454 750.854
321.830 709.203
232.267 569.767
364.099 641.596
396.618 658.385
419.299 737.770
512.530 666.342
369.562 672.317
391.605 523.929
528.727 609.777
432.227 602.329
293.390 705.124
402.388 650.825
223.575 651.508
387.121 735.734
311.664 579.584
505.725 669.620
394.589 658.928
368.143 732.252
523.861 631.341
400.688 651.424
491.557 764.271
421.396 517.271
282.924 597.313
279.168 646.098
265.063 672.190
347.194 635.040
482.830 715.256
388.786 576.605
396.611 639.173
483.482 666.785
380.590 649.152
375.233 721.371
291.366 706.186
327.525 561.153
433.923 659.835
364.508 659.272
299.082 600.751
293.499 627.177
285.597 531.399
320.877 610.312
536.994 731.743
319.244 618.215
256.415 648.677
355.269 716.052
374.917 575.374
400.507 680.552
394.427 694.362
439.351 563.086
374.743 660.582
440.872 565.766
466.724 741.692
285.519 689.712
316.802 707.179
397.439 776.500
345.863 677.335
378.517 627.795
407.301 653.884
461.142 559.639
394.181 629.426
407.093 652.950
296.421 629.923
458.670 697.140
263.111 531.992
474.958 625.151
400.149 671.855
250.704 689.446
447.902 638.178
270.803 586.364
406.052 523.189
385.861 539.107
488.644 618.025
378.144 687.543
489.104 546.669
357.492 520.636
439.431 743.110
343.830 512.652
403.678 678.777
483.083 748.777
242.471 570.508
322.810 594.368
382.877 528.980
379.939 646.597
360.788 564.219
321.086 597.292
334.773 632.474
284.841 622.022
244.300 625.749
380.094 734.070
292.900 589.258
416.215 668.986
351.564 709.308
445.701 792.970
422.167 625.285
332.197 539.935
277.975 540.699
400.150 631.525
503.606 679.461
438.033 613.708
239.219 787.290
359.563 506.710
249.835 691.812
382.292 616.452
273.645 668.844
407.011 596.093
378.581 656.662
396.586 673.362
311.125 713.830
510.396 654.921
292.446 751.199
394.871 657.673
345.370 502.334
447.758 611.274
356.765 547.520
405.207 656.266
261.059 616.171
491.249 710.539
375.764 652.100
434.474 693.179
537.381 547.956
367.773 606.421
412.065 657.833
420.177 613.783
392.050 628.418
471.733 697.459
510.902 614.583
385.632 645.487
495.457 698.685
470.296 724.580
442.629 726.878
461.137 711.801
455.158 551.366
215.455 575.813
445.298 673.531
431.673 658.425
374.410 639.891
428.767 558.411
284.261 561.059
412.781 607.288
387.255 655.941
288.000 678.090
333.025 736.223
456.340 612.806
471.782 620.441
389.957 641.192
397.551 761.888
336.201 523.210
370.606 547.825
362.735 564.229
403.185 686.225
388.073 767.022
208.854 599.469
435.579 669.956
436.573 695.189
306.107 531.605
413.399 612.878
315.016 597.606
383.730 636.416
406.588 672.202
454.932 535.237
337.284 543.430
333.159 743.051
493.704 720.991
367.859 793.294
394.771 556.303
444.647 581.286
217.535 647.136
462.432 643.191
389.749 671.813
406.631 764.049
358.090 539.458
258.113 507.416
265.479 563.970
405.657 775.417
454.285 678.032
545.376 578.229
476.441 661.991
394.045 634.098
405.446 659.258
370.618 671.933
292.815 714.644
344.977 749.650
526.067 547.325
538.411 644.472
502.983 738.036
391.186 643.300
406.225 648.739
207.614 635.323
511.327 730.410
239.279 694.469
504.269 783.426
405.350 672.729
396.338 649.664
388.688 679.643
320.868 759.569
417.698 600.471
419.562 647.783
404.188 657.835
415.310 683.953
399.677 579.974
423.187 624.265
270.802 623.334
464.061 708.972
409.589 703.428
398.971 722.146
378.263 521.030
375.576 644.956
442.902 688.555
395.205 508.684
401.581 694.500
454.375 612.574
408.345 653.150
392.269 701.449
286.954 742.347
480.956 624.862
239.445 587.467
377.581 659.055
243.875 643.843
360.453 696.654
368.526 647.424
471.883 788.861
355.877 537.059
400.026 624.801
488.473 660.029
402.919 757.963
315.726 786.495
296.420 570.142
342.633 758.254
395.771 625.506
378.481 634.998
262.463 716.414
508.309 799.766
459.640 638.363
387.352 636.963
372.100 650.520
299.469 632.391
415.801 678.893
376.369 589.709
310.734 637.022
386.330 728.309
263.952 624.303
441.327 568.464
476.471 579.783
377.290 592.342
395.881 599.859
388.227 733.762
423.459 651.857
256.429 615.467
506.938 697.062
509.118 768.369
444.671 700.957
349.667 592.391
277.282 684.494
395.580 578.060
415.100 593.124
507.779 631.666
432.637 579.900
426.893 578.219
219.282 520.608
405.849 636.498
401.846 678.976
503.701 668.490
378.481 652.645
425.474 748.492
278.913 541.647
430.393 603.938
302.507 573.089
402.858 643.298
349.686 758.688
508.111 668.057
233.486 590.842
420.600 672.597
378.088 590.722
424.413 613.626
483.441 678.699
353.971 556.941
398.026 634.262
392.635 681.530
308.898 701.722
483.071 603.278
427.774 632.831
415.115 751.760
296.687 573.928
436.521 579.727
404.888 649.458
400.226 651.213
224.838 650.831
485.207 545.394
497.724 702.868
368.194 627.790
360.007 724.124
